1723
1726
1732
1735
1692
1714
1690
1683
1680
1445
1678
1997
1783
979
1243
1989
1685
1241
1677
1810
1733
1689
1724
1697
1562
1722
1728
1681
2611
1240
1686
1699
1727
1561
1738
1682
1987
1688
978
1721
1736
1725
1244
2612
1560
1693
1684
1715
977
1737
1729
1687
1559
2613
1814
1740
1739
1696
1694
976
1558
2022
1557
1720
1812
1716
2609
1556
975
1923
972
974
1741
1555
1731
2610
2484
2481
2477
2606
872
873
2485
2604
871
2482
973
2480
2021
874
4638
4637
1808
2486
2603
869
1695
2479
2607
2605
1711
2483
870
868
2488
4636
1707
2478
1554
2487
2601
2003
4635
2018
1713
1719
2476
2019
1914
2600
2489
4639
2608
2620
867
2602
2017
865
4577
1553
2491
876
2020
2004
877
2490
2599
2501
2616
1922
4633
1988
862
2006
1915
866
4634
2493
875
1730
4650
1552
1712
2595
4649
879
1701
2506
1811
4644
2597
2494
2502
2598
878
859
2492
2504
1921
2503
4646
2495
4632
863
881
864
2507
4648
2618
855
1916
4631
1809
4628
1551
880
1708
882
4630
2596
4578
4647
2505
2496
2005
4576
2510
1813
860
2498
2657
854
2008
4579
2617
4645
856
4606
4580
1920
2497
2625
1913
2643
4629
885
889
2619
2621
1710
2009
1912
4643
4574
2511
4640
861
2667
851
4575
2666
1918
909
1718
2624
2622
2007
857
2615
2500
2627
1011
4573
4642
2508
2623
1665
2614
2645
891
1010
4641
883
886
890
4572
2594
2672
2626
903
1700
2648
2642
2668
892
1919
852
2499
4581
4571
858
901
853
2641
906
849
4570
2628
4627
907
2644
850
884
1006
2646
1917
1550
848
847
4583
1008
4582
1509
887
2016
1009
1508
898
896
2509
2629
888
1709
4598
2647
1806
2630
2669
844
908
1005
2665
905
2512
4584
1510
1702
902
2631
894
1717
2593
904
910
2649
1911
2515
1487
899
1511
2517
4585
2632
2516
2014
2513
4586
2638
897
900
1007
2518
895
2635
1703
1507
841
893
2514
1663
4587
913
2002
921
2529
2650
1549
842
917
912
2592
2528
4594
2653
845
2636
2651
918
4588
916
915
920
1704
839
919
911
4590
2633
2530
2520
939
914
2637
4589
1546
843
2591
1513
2634
4591
846
2519
1664
2015
922
2532
940
2531
4593
924
2523
2652
2527
934
1662
2640
1512
942
837
923
2662
1545
941
2524
1547
943
2660
1657
1506
945
925
1488
2522
840
2533
1486
2663
2661
1807
2590
4592
931
928
930
2526
1705
935
1004
2521
2537
1001
4624
946
2525
1706
944
4597
1661
1548
836
936
1518
838
2538
2588
1515
2540
2587
1003
1514
2534
948
1660
484
947
987
4595
2548
2541
2589
4626
2535
2539
927
929
951
1505
4622
933
2664
4625
2544
1544
2536
2671
926
2551
2542
485
1502
1658
2821
2586
816
991
932
819
1503
949
2552
2545
2670
4623
2555
2822
2820
835
954
988
1805
2543
2011
1000
937
2549
1659
999
1525
958
2824
817
820
2553
2581
1002
812
813
2556
2546
4604
482
2557
1517
992
1489
2656
1501
2819
989
487
2826
818
952
823
1540
2550
938
821
2547
2585
998
1541
1542
2825
4596
2655
2827
959
2943
2818
950
1910
1543
826
953
809
1516
955
486
4605
2023
4599
2654
1504
2554
2580
960
811
2817
827
814
824
961
806
822
815
4607
956
2823
810
993
1500
957
2559
2945
828
1909
1571
2558
962
964
829
2639
4600
807
1908
1524
2944
2814
2584
825
965
4603
963
488
1802
483
990
1539
832
4601
2828
808
4602
1905
2816
2560
2579
966
489
969
1907
2563
1903
4618
4610
2806
2010
1904
1570
4608
2012
830
2813
783
2829
4619
4614
2873
2812
2562
1485
2583
2830
1574
2874
1521
2564
994
1519
967
968
805
1499
2658
2561
784
2659
970
787
2862
2815
2807
792
4611
834
1490
804
995
2808
2871
785
2947
2565
2876
4620
2013
2869
4609
490
2841
2833
2872
796
491
2875
2840
793
2567
2582
2845
1656
2810
4613
2877
971
2831
1526
1572
2843
4621
791
802
2839
797
2577
1492
2571
2870
782
4612
2566
2946
1484
1520
781
1538
2863
2940
2809
2942
2867
986
2570
4617
2837
803
831
780
2832
2811
2572
492
2836
1902
795
801
2844
2941
1537
985
2939
2847
1906
1491
2568
1595
794
2868
2865
2838
4616
984
1523
2835
2900
741
4615
2846
2842
493
2861
742
2576
2834
800
786
2578
1483
983
2574
2889
1573
1803
2569
2878
2805
1522
2866
2882
1881
481
1575
2860
2901
494
790
2804
2854
2883
2933
2575
799
2849
2803
495
2934
502
500
2848
496
779
497
1494
982
1587
2931
498
499
778
2936
2902
743
996
1527
1095
501
777
1536
981
744
2858
2851
1588
1576
2930
772
776
2903
997
2853
2881
2852
775
2904
2937
2850
1594
745
2573
980
1493
2879
2859
2888
2855
773
1482
2935
1589
2920
1535
2893
2905
1582
2884
746
768
1583
1528
2887
1569
1495
1804
2857
2906
747
1529
2897
758
2938
2895
2890
2907
1496
2929
1105
2892
2909
1534
1593
2928
769
2896
2911
2908
748
766
2910
1590
1104
2919
1577
1924
2926
2894
2891
2923
1565
1581
1533
2925
2927
764
765
2918
749
759
1530
763
2924
1568
2917
1607
1580
2885
2899
1592
752
2898
762
2916
2886
1481
1497
761
2914
1591
2915
751
750
760
2913
1532
757
756
1531
2922
2025
2912
753
2921
1579
1596
754
755
1564
1610
1584
1599
1606
1578
1567
1480
1498
1598
367
1605
1477
1469
1608
1597
1096
1566
370
1470
1468
1563
1479
1600
1471
371
1478
1475
1586
1476
4565
1113
368
1111
1604
2239
1114
1467
1793
1112
1472
1116
1287
366
1115
1291
2237
2241
2238
1292
1286
2240
1117
1118
347
2251
1290
1120
2244
1609
1289
1288
2245
2242
1110
1121
1283
2243
2248
4378
376
375
2470
4118
1119
345
227
1124
348
206
1585
2469
4119
1851
230
4555
344
229
231
4556
4380
4569
1122
4150
1285
1293
4564
1277
4377
2466
228
2246
4558
1123
4379
232
372
4554
1278
2468
1126
1299
2249
1127
2247
2464
4548
253
1979
342
1747
1274
4120
1474
4568
218
1466
374
1284
4364
4553
207
373
208
216
2467
4563
4121
1131
224
2260
4167
1125
1602
2250
334
1749
252
1473
2253
1098
346
343
4110
4363
233
226
1751
225
4546
215
4551
4552
1134
219
1128
4561
1129
4369
2460
249
2261
2754
1272
4365
1745
1276
170
242
1282
2259
250
1132
4362
335
4373
1275
2255
217
241
248
1294
223
1748
2258
2252
349
1746
1135
4366
251
1601
1794
4130
2257
2755
1280
247
2263
171
369
4361
4168
209
4374
2254
2465
244
240
4375
4562
2751
169
222
2989
1137
239
4385
336
246
4547
2267
2264
172
2262
4372
245
2265
4384
1138
234
210
4557
221
1861
4368
1603
4386
2463
1281
1139
173
237
2990
1978
1279
4111
4376
1130
4549
337
4154
178
1271
174
177
168
2266
211
1750
214
2256
220
176
1879
4371
4367
243
1975
1295
4370
1133
2462
4550
236
175
4387
180
1270
2461
2295
194
2988
2268
4389
167
235
238
1301
1860
1136
1141
4112
1140
2987
4388
196
195
213
184
1465
4560
179
89
1143
2271
1142
2269
350
182
87
183
2291
2292
212
1269
2459
198
88
338
1296
199
197
190
185
90
333
2753
2290
1929
2270
186
1266
191
2457
1743
1144
200
91
4391
1865
1300
96
2278
339
4390
1877
4392
203
181
4559
1464
92
4383
2458
1146
2272
1744
2273
1866
2293
201
192
1147
1145
1148
95
97
2456
1463
202
351
1150
187
23
1297
204
205
93
98
2974
2752
94
100
24
1462
2289
193
1265
2294
1268
2991
99
2472
4169
189
1742
1867
4381
340
188
4157
1878
2975
1889
4382
1882
1154
80
1306
85
4146
1151
2276
1461
1149
1880
2973
4145
1152
2274
1760
1153
84
102
1871
165
75
1298
1875
1761
2279
352
103
1931
4162
86
56
1302
83
4161
1796
2471
72
1163
1155
2992
2981
1869
55
74
82
1162
1267
78
4144
2979
4141
2281
166
2450
2972
2454
127
2971
15
81
2455
13
1259
1984
20
2986
77
1876
1874
1097
104
1870
70
101
54
4566
1247
1156
2275
69
17
1165
1164
1161
4160
1873
1758
2453
1862
4149
1762
22
2280
4078
1890
2282
105
57
353
107
79
44
71
1258
1249
4142
341
1303
1872
53
1775
68
2980
14
2473
109
1305
1857
115
73
63
106
2955
2284
4567
45
2452
108
1797
1868
2283
4143
2277
66
62
2954
117
110
2964
116
58
2996
114
52
67
1983
65
12
1166
113
16
1460
2285
1774
51
2978
2957
1304
118
1157
4164
1173
2475
2448
1308
4159
64
1757
46
112
2965
4163
2976
1768
76
4079
2474
2977
5
10
2967
26
2956
111
1250
1172
4080
1759
8
21
59
1160
125
47
6
7
1169
354
267
2993
119
128
61
50
1167
120
1257
1648
1158
1795
1168
4166
133
4165
1769
1801
2449
1771
121
2994
130
132
1763
2451
129
2968
1170
124
1264
2982
266
1985
2286
1309
1901
2287
1251
4
126
60
4153
2969
3
1826
49
1858
798
1171
1174
2983
2
1982
2985
134
1981
136
1770
9
2949
1863
18
2970
2966
1887
1313
1307
48
131
1159
4238
1934
152
4081
355
123
265
2953
2288
2984
254
1933
1828
1
4084
1255
135
2948
4085
2963
1175
2995
1977
1311
4237
264
137
4082
122
1310
139
1767
1772
1927
1864
4526
4086
1928
263
255
1325
4240
2932
1252
4114
4083
2997
140
4236
43
4523
4533
1177
2864
154
25
11
1831
258
4528
1886
4087
3002
1859
153
138
4524
315
4173
1841
1926
1939
1312
4126
262
1176
1253
4239
2960
1318
4235
4174
4525
143
4175
141
2958
4094
356
142
4527
1827
256
1930
4093
4088
42
144
4125
41
155
4091
1766
1954
4092
1938
3001
259
257
162
4089
1853
767
774
3000
4176
39
1953
1179
1773
40
19
4151
2959
156
271
1178
27
147
2880
357
2746
148
260
269
157
35
145
1951
1314
146
1765
1256
2424
1319
1935
4095
4532
1459
1936
1883
4123
4096
4090
4127
4155
277
3003
160
28
4538
1952
1940
1937
150
36
1219
1254
833
4128
4107
163
29
4534
4113
4541
2750
2326
270
37
38
4108
164
279
161
2961
4098
158
4097
149
4531
4536
4537
261
4535
278
4241
2856
4105
4101
272
2962
4539
1885
2801
4106
268
2348
273
1842
2325
31
159
2998
1180
2296
1320
1834
320
1932
318
4152
1263
281
4529
2802
276
770
1764
1315
4530
1941
2297
4109
4545
4099
4104
4247
1260
4139
1189
1884
319
4100
151
274
4323
4309
1321
317
4140
275
30
4242
1942
4068
2318
1960
4544
34
358
322
1756
2405
4540
4102
4132
1185
4046
1216
4124
1943
1777
4308
1190
32
4103
4317
316
4067
4133
1221
1181
311
33
1625
1650
4115
4148
1776
1184
282
1188
4070
280
292
4066
4134
1848
2298
771
1322
4069
1228
359
4072
1798
4312
362
4311
4050
4065
1220
310
1233
2317
1458
789
2322
1261
1944
2950
4077
4063
4135
361
4071
2319
2316
4047
1317
2407
4246
289
4318
2299
2406
4064
293
4243
2800
363
1316
1800
4320
1961
4074
4316
323
1182
326
4244
1234
4061
1217
1974
1649
4321
1752
309
2315
2302
324
1191
4076
2951
2952
1231
4319
1222
1652
321
2749
4542
4073
2323
2320
1328
4044
360
4307
4245
4039
2798
284
4045
4056
325
2799
364
283
4075
4313
4260
4040
1262
4059
4062
1945
1891
2759
1229
4322
297
365
1183
4314
2410
2321
1186
1324
290
4057
1187
2797
1323
313
4033
4543
1626
1651
327
4054
2300
1225
328
1959
2763
2301
2757
4249
4041
379
285
1457
4053
1846
4268
4261
4043
1854
296
4251
4037
4116
294
4038
4058
4055
2324
2770
2411
2758
1855
1226
298
2412
2772
380
291
1976
1192
4036
1329
2327
4269
381
2762
383
382
378
1958
1273
2313
2304
4048
1900
2756
1232
329
4042
332
4315
4117
4060
1799
4271
300
295
312
4034
4297
2771
1849
377
4298
4258
4248
4270
2447
4272
4158
4310
4252
2328
2408
1223
1899
1213
1197
1925
2766
2787
1227
2329
405
4035
2303
1199
1200
1224
299
4253
1627
788
1202
1218
4178
1196
4147
4250
2760
287
2308
2195
1198
384
286
1456
4333
2413
407
330
2409
4259
1203
1230
314
4051
2769
2334
4255
2305
1214
308
301
1448
1753
2791
2767
463
307
2331
418
1955
393
1201
2761
302
4052
2414
4262
4122
1195
4049
1210
2768
385
1956
1449
4292
331
1856
2765
467
1204
2330
2314
1211
4278
2306
2764
4277
288
2796
4156
1778
4263
2309
2779
4303
4295
2416
462
2332
406
2774
2773
2196
1754
2346
4296
468
4257
2337
2415
1447
2781
1207
4254
2777
1330
1957
1215
2197
4273
386
4302
422
2204
1212
1892
411
1971
304
2310
1755
2794
2776
4279
1208
4276
306
409
2423
2335
2307
4256
4282
4020
4032
387
4301
2425
390
4293
1193
4179
419
2775
410
415
2201
2417
4028
4280
1083
2793
391
2338
4281
2780
2311
1194
4031
303
423
1205
2208
466
2206
1331
388
2344
4294
4304
2203
4030
4291
4029
1894
2312
2778
2205
1209
4027
1893
2418
4274
1628
2198
420
1792
2785
2336
2207
416
1779
2422
1629
2345
2792
2202
2209
2211
2782
2419
4288
392
1081
4172
4305
464
4022
4275
2199
2790
4023
2784
424
1079
389
4306
2343
4290
2210
394
2340
2365
1082
2795
4300
1326
4129
469
4026
408
1450
2212
2339
4299
4264
2347
1630
4025
2789
1454
1335
412
413
473
2783
2024
4289
425
1446
4340
421
4021
4338
414
474
4267
4283
4339
2786
2367
1206
4024
4170
2215
417
4284
4342
2421
4337
402
2788
4346
395
4347
2217
430
1965
1453
428
396
2333
426
439
1972
1964
2213
4177
4266
4331
429
4335
470
4332
2366
4265
2426
465
4171
2218
2216
1099
397
2222
4341
4329
404
2219
1962
401
2349
2223
1334
475
2420
443
4330
433
305
427
1963
2214
1455
1451
2234
398
2342
438
471
4345
1103
472
437
1333
4285
2999
431
4334
1100
403
1617
2236
2444
1631
399
432
2235
1077
4336
2370
2220
4326
2341
2362
1332
4327
1636
4287
400
1102
1078
436
2350
2351
1780
1080
1327
4286
2221
1966
2233
434
440
435
1973
441
2441
4328
4325
4324
2353
2224
2352
444
1452
445
1970
2427
2230
4692
446
575
1618
1616
455
2358
1336
442
2232
1615
1076
2229
449
1647
1620
2228
456
2363
453
2369
2359
1075
2225
2231
447
1337
1073
576
454
4343
1969
476
1072
450
4344
2357
577
451
448
504
4691
505
2072
1074
1967
2356
2068
2361
457
479
1968
1637
4503
4505
1632
4504
2200
1338
2227
503
4690
2052
2088
1888
2226
2079
458
4454
513
1339
521
2086
1619
4506
2078
460
515
4455
459
477
452
1071
4509
2354
4456
4689
578
2364
2053
2428
1069
506
2051
4508
4457
1621
2067
514
2077
1340
2054
1785
4510
2127
2073
4511
512
2445
1248
4685
4512
517
4513
4430
2126
529
4480
2089
1781
2058
530
2066
4507
2125
2368
4429
2034
516
2076
2036
1653
4462
739
4432
508
1946
4433
2030
4502
2056
4463
4431
2087
2360
4686
4427
1101
4501
507
2429
2033
518
4449
1646
4434
4210
4453
531
2093
4688
4411
461
545
2029
569
526
2064
2032
2075
4435
544
2065
4521
4413
4687
4464
2124
4421
527
528
519
510
478
4461
541
2074
4426
4437
534
509
4428
2433
535
533
4442
520
4138
548
2062
2035
1948
4465
537
1784
4422
525
538
522
4493
4410
4460
2057
740
4424
4500
4412
532
4438
2031
4414
4209
2101
2060
1787
1949
2092
4436
4443
536
4423
524
2085
542
1070
2028
511
4459
710
1614
546
559
4498
2061
2027
2090
2118
4420
2128
2026
1947
2083
2069
2355
550
4466
4520
2050
4458
1786
2434
4439
2037
4444
4416
2059
4499
2063
712
4415
4425
1622
540
4417
4419
539
4418
4497
4408
2100
1341
4467
4494
572
2120
4496
4492
551
2099
523
480
547
2097
543
2082
1068
4468
4407
4445
4495
4409
4137
556
1623
4136
4452
2084
1612
1342
2129
2121
549
2094
555
554
4684
2048
4693
4447
4516
4491
4208
4446
2098
2095
2119
2055
2430
4485
1066
4451
1638
553
1633
4490
2080
2070
1611
4469
4448
1067
4488
4470
4487
711
558
1064
2049
2192
4515
4441
715
4484
557
714
4450
560
4489
2047
1613
552
1065
2096
2071
4472
1645
2043
4471
4483
2044
4486
2081
2038
1343
4514
4518
1346
4683
2123
4477
4207
2001
563
4476
562
4681
4482
4479
561
2045
676
4519
565
716
2039
4475
713
4522
1624
1344
1349
4481
2046
4222
564
2042
4517
706
4478
677
2432
1350
4474
1950
718
2443
4682
1061
4205
2431
2134
4473
571
567
4206
1644
568
2122
1788
705
2091
579
707
573
574
1347
1345
4401
4440
570
4680
566
2130
2041
2402
2194
580
1351
4204
1348
719
4400
2398
2399
1815
4394
4393
1063
2040
4396
1642
2397
581
584
617
4399
4395
2117
4404
4405
2684
585
2396
1999
586
2673
2132
2685
4397
2400
1640
582
2131
2191
2401
1062
590
4406
583
2395
2674
708
2403
589
4402
588
2190
619
601
2189
2193
4679
591
2404
2133
1643
4398
2166
2390
1352
2391
592
2436
2683
661
2167
618
2389
587
1060
1639
2682
602
2387
1365
678
593
660
600
1817
1634
2000
2675
2165
4676
2388
1059
1782
1364
2681
2381
2394
1361
595
2184
615
620
2135
2392
594
603
2680
2748
2676
614
612
2386
2385
2182
662
2677
598
2442
599
4403
4678
4668
1362
2170
4677
663
2183
596
621
2371
1353
4212
2379
2393
1844
699
597
604
675
2384
679
709
2383
611
622
1057
609
1654
1898
623
2686
2377
610
616
4221
4213
2380
659
2169
4220
613
674
4670
720
698
2382
1016
664
2180
2376
2168
2678
2116
1641
2181
608
680
1823
1998
624
1360
2378
1370
2372
689
605
2373
1366
2687
4198
630
4223
2164
2163
1367
4211
1363
1418
1055
673
2375
4199
2179
1022
2688
625
606
700
2679
1369
4669
2161
1054
640
701
717
607
1056
2374
681
2160
2747
702
2689
626
2706
672
2173
2437
2162
2705
2171
1354
666
2159
1840
1419
2690
629
694
2740
1836
693
2174
671
2177
1358
1058
2708
2172
687
2691
2704
665
721
2114
628
697
1897
4667
1417
2178
2158
1371
667
1394
1355
2692
682
2707
692
4671
627
668
688
1368
1420
2446
4195
683
2175
723
2137
2157
1833
636
670
2136
639
2176
4219
4197
696
631
1045
2435
2144
2711
2140
1816
637
2712
638
1635
686
2156
1838
4666
691
703
695
2693
2115
2153
1655
1413
2726
2143
2141
1359
2709
2151
2710
1395
2152
4673
2703
1790
632
1829
655
1393
2138
2147
4203
4233
690
1372
4194
1084
1821
2146
2150
1896
4196
1357
669
2142
684
1398
4356
2715
685
4672
634
2102
2727
2714
4234
2139
724
2145
641
704
1824
2148
4357
4674
4665
633
2698
1895
651
1356
1399
738
643
656
1373
1822
722
2697
4350
657
2155
2154
2149
4348
4675
642
1052
1375
726
4349
2113
658
4652
1053
1397
4664
4358
4218
2713
635
1392
1416
2716
2700
4354
2699
1396
4202
1374
4351
725
1408
2187
1051
2109
2112
4352
2110
1401
652
653
644
2438
654
2717
4353
1389
2744
2185
733
2695
2111
2188
2702
2701
1402
1845
4200
4355
4201
730
4231
728
4232
1046
4662
645
1400
4657
4228
2741
1013
735
737
727
732
4230
734
1049
1436
4653
650
2743
4229
649
1437
1377
4661
647
648
2694
4227
4660
1015
646
1376
736
731
2107
2745
2104
4182
2108
2742
4651
1378
1818
1245
4181
4654
1012
1390
2103
2728
1047
2106
1409
1435
1388
4659
2696
1014
1017
1403
4180
4226
4663
2105
4183
1791
2718
4186
1825
1422
1042
1819
2186
1410
2725
1018
1850
4184
2729
4217
1820
1415
1830
1391
4655
1404
1048
2736
1996
1019
729
2724
4185
1789
4187
1021
4215
1380
1023
1043
1832
1020
1980
4656
1438
4216
4359
1835
1837
1086
1039
1030
4214
1386
4360
4188
2723
1024
4224
1839
1387
1384
1439
1029
1843
4189
1028
1050
2735
1026
4191
4193
1025
4192
4190
1027
4131
1379
1088
1847
2730
1673
2722
1440
1040
1031
1235
4225
1381
1407
4658
2731
1033
2439
1383
1414
1087
14342721
1852
1385
1089
1405
2719
1085
2732
1044
1995
2734
1441
1091
1674
1421
2733
2720
1237
1093
1032
1411
1090
1669
1424
1236
1094
1406
1092
1041
1036
1427
1671
1412
1432
1382
1034
1238
1676
1037
1442
1425
1035
1698
1667
1993
1691
1038
1443
1429
1430
1670
1986
1428
1666
1688
1239
1423
1433
2440
1994
1992
1672
1246
1109
1431
1734
1675
1679
2738
1991
1106
1426
1444
1107
2739
1242
2737
1108
1990