1 128 34 64

2 0 36 128

3 128 38 192

4 0 40 255

5 128 42 0

6 0 44 64

7 129 46 128

8 1 48 192

9 129 50 255

10 1 52 0

11 129 54 64

12 1 56 128

13 129 58 192

14 2 60 255

15 130 62 0

16 2 64 64

17 130 66 128

18 2 68 192

19 130 70 255

20 2 72 0

21 131 74 64

22 3 76 128

23 131 78 192

24 3 80 255

25 131 82 0

26 3 84 64

27 131 86 128

28 4 88 192

29 132 90 255

30 4 92 0

31 132 94 64

32 4 96 128

33 132 98 192

34 4 100 255

35 133 102 0

36 5 104 64

37 133 106 128

38 5 108 192

39 133 110 255

40 5 112 0

41 133 114 64

42 6 116 128

43 134 118 192

44 6 120 255

45 134 122 0

46 6 124 64

47 134 126 128

48 6 128 192

49 135 130 255

50 7 132 0

51 135 134 64

52 7 136 128

53 135 138 192

54 7 140 255

55 135 142 0

56 8 144 64

57 136 146 128

58 8 148 192

59 136 150 255

60 8 152 0

61 136 154 64

62 8 156 128

63 137 158 192

64 9 32 255

65 137 34 0

66 9 36 64

67 137 38 128

68 9 40 192

69 137 42 255

70 10 44 0

71 138 46 64

72 10 48 128

73 138 50 192

74 10 52 255

75 138 54 0

76 10 56 64

77 139 58 128

78 11 60 192

79 139 62 255

80 11 64 0

81 139 66 64

82 11 68 128

83 139 70 192

84 12 72 255

85 140 74 0

86 12 76 64

87 140 78 128

88 12 80 192

89 140 82 255

90 12 84 0

91 141 86 64

92 13 88 128

93 141 90 192

94 13 92 255

95 141 94 0

96 13 96 64

97 141 98 128

98 14 100 192

99 142 102 255

100 14 104 0

101 142 106 64

102 14 108 128

103 85 80 32

104 14 112 255

105 143 114 0

106 15 116 64

107 143 118 128

108 15 120 192

109 143 122 255

110 15 124 0

111 143 126 64

112 16 128 128

113 144 130 192

114 16 132 255

115 144 134 0

116 16 136 64

117 144 138 128

118 16 140 192

119 145 142 255

120 17 144 0

121 145 146 64

122 17 148 128

123 145 150 192

124 17 152 255

125 145 154 0

126 18 156 64

127 146 158 128

128 18 32 192

129 146 34 255

130 18 36 0

131 146 38 64

132 18 40 128

133 147 42 192

134 19 44 255

135 147 46 0

136 19 48 64

137 147 50 128

138 19 52 192

139 147 54 255

140 20 56 0

141 148 58 64

142 20 60 128

143 148 62 192

144 20 64 255

145 148 66 0

146 20 68 64

147 149 70 128

148 21 72 192

149 149 74 255

150 21 76 0

151 149 78 64

152 21 80 128

153 149 82 192

154 22 84 255

155 150 86 0

156 22 88 64

157 150 90 128

158 22 92 192

159 150 94 255

160 22 96 0

161 151 98 64

162 23 100 128

163 151 102 192

164 23 104 255

165 151 106 0

166 23 108 64

167 151 110 128

168 24 112 192

169 152 114 255

170 24 116 0

171 152 118 64

172 24 120 128

173 152 122 192

174 24 124 255

175 153 126 0

176 25 128 64

177 153 130 128

178 25 132 192

179 153 134 255

180 25 136 0

181 153 138 64

182 26 140 128

183 154 142 192

184 26 144 255

185 147 222 218

186 26 148 64

187 154 150 128

188 26 152 192

189 155 154 255

190 27 156 0

191 155 158 64

192 27 32 128

193 155 34 192

194 27 36 255

195 155 38 0

196 28 40 64

197 156 42 128

198 28 44 192

199 156 46 255

200 28 248 0

201 156 50 64

202 28 52 128

203 157 54 192

204 29 56 255

205 157 58 0

206 29 60 64

207 157 62 128

208 29 64 192

209 157 66 255

210 30 68 0

211 158 70 64

212 30 72 128

213 158 74 192

214 30 76 255

215 158 78 0

216 30 80 64

217 159 82 128

218 31 84 192

219 159 86 255

220 31 88 0

221 159 90 64

222 31 92 128

223 159 94 192

224 32 96 255

225 160 98 0

226 32 100 64

227 160 102 128

228 32 104 192

229 160 106 255

230 32 108 0

231 161 110 64

232 33 112 128

233 166 203 93

234 33 116 255

235 161 118 0

236 33 120 64

237 161 122 128

238 34 124 192

239 162 126 255

240 34 128 0

241 162 130 64

242 34 132 128

243 162 134 192

244 34 136 255

245 163 138 0

246 35 140 64

247 163 142 128

248 35 144 192

249 163 146 255

250 35 148 0

251 163 150 64

252 36 152 128

253 164 154 192

254 36 156 255

255 164 158 0

256 36 32 64

257 164 34 128

258 36 36 192

259 165 38 255

260 37 40 0

261 165 42 64

262 37 44 128

263 165 46 192

264 37 48 255

265 165 50 0

266 38 52 64

267 166 54 128

268 38 56 192

269 166 58 255

270 38 60 0

271 166 62 64

272 38 64 128

273 167 66 192

274 39 68 255

275 167 70 0

276 39 72 64

277 167 74 128

278 39 76 192

279 167 78 255

280 40 80 0

281 168 82 64

282 40 84 128

283 168 86 192

284 40 88 255

285 168 90 0

286 40 92 64

287 169 94 128

288 41 96 192

289 169 98 255

290 41 100 0

291 169 102 64

292 41 104 128

293 169 106 192

294 42 108 255

295 170 110 0

296 42 112 64

297 74 227 77

298 42 116 192

299 170 118 255

300 42 120 0

301 171 122 64

302 43 124 128

303 171 126 192

304 43 128 255

305 171 130 0

306 43 132 64

307 171 134 128

308 44 136 192

309 172 138 255

310 44 140 0

311 172 142 64

312 44 144 128

313 72 0 240

314 44 148 255

315 173 150 0

316 45 152 64

317 173 154 128

318 45 156 192

319 173 158 255

320 45 32 0

321 173 34 64

322 46 36 128

323 174 38 192

324 46 40 255

325 174 42 0

326 46 44 64

327 174 46 128

328 46 48 192

329 175 50 255

330 47 52 0

331 175 54 64

332 47 56 128

333 175 58 192

334 47 60 255

335 175 62 0

336 48 244 64

337 176 66 128

338 48 68 192

339 176 70 255

340 48 72 0

341 176 74 64

342 48 76 128

343 177 78 192

344 49 80 255

345 177 82 0

346 49 84 64

347 177 86 128

348 49 88 192

349 177 90 255

350 50 92 0

351 178 94 64

352 50 96 128

353 178 98 192

354 50 100 255

355 178 102 0

356 50 104 64

357 179 106 128

358 51 108 192

359 179 110 255

360 51 112 0

361 179 114 64

362 51 116 128

363 179 118 192

364 52 120 255

365 180 122 0

366 52 124 64

367 180 126 128

368 52 128 192

369 180 130 255

370 52 132 0

371 181 134 64

372 53 136 128

373 181 138 192

374 53 140 255

375 181 142 0

376 53 144 64

377 181 146 128

378 54 148 192

379 182 150 255

380 54 152 0

381 182 154 64

382 54 156 128

383 182 158 192

384 54 32 255

385 183 34 0

386 55 36 64

387 183 38 128

388 55 40 192

389 183 42 255

390 55 44 0

391 183 46 64

392 56 48 128

393 184 50 192

394 56 52 255

395 184 54 0

396 56 56 64

397 184 58 128

398 56 60 192

399 185 62 255

400 57 64 0

401 185 66 64

402 57 68 128

403 185 70 192

404 57 72 255

405 185 74 0

406 58 76 64

407 186 78 128

408 58 80 192

409 186 82 255

410 58 84 0

411 186 86 64

412 58 88 128

413 187 90 192

414 59 92 255

415 187 94 0

416 59 96 64

417 187 98 128

418 59 100 192

419 187 102 255

420 60 140 0

421 188 106 64

422 60 108 128

423 188 110 192

424 60 112 255

425 188 114 0

426 60 116 64

427 189 118 128

428 61 120 192

429 189 122 255

430 61 124 0

431 189 126 64

432 61 128 128

433 189 130 192

434 62 132 255

435 190 134 0

436 62 136 64

437 190 138 128

438 62 140 192

439 190 142 255

440 62 144 0

441 191 146 64

442 63 148 128

443 191 150 192

444 63 152 255

445 191 154 0

446 63 156 64

447 191 158 128

448 64 32 192

449 192 34 255

450 64 36 0

451 192 38 64

452 64 40 128

453 192 42 192

454 64 44 255

455 193 46 0

456 65 48 64

457 193 50 128

458 65 52 192

459 193 54 255

460 65 56 0

461 193 58 64

462 66 60 128

463 194 62 192

464 66 64 255

465 194 66 0

466 66 68 64

467 194 70 128

468 66 72 192

469 195 74 255

470 67 76 0

471 195 78 64

472 67 80 128

473 195 82 192

474 67 84 255

475 195 86 0

476 68 88 64

477 196 90 128

478 68 92 192

479 196 94 255

480 68 96 0

481 196 98 64

482 68 100 128

483 197 102 192

484 69 104 255

485 197 106 0

486 69 108 64

487 197 110 128

488 69 112 192

489 197 114 255

490 70 116 0

491 198 118 64

492 70 120 128

493 198 122 192

494 70 124 255

495 198 126 0

496 70 128 64

497 199 130 128

498 71 132 192

499 199 134 255

500 71 136 0

501 199 138 64

502 71 140 128

503 199 142 192

504 72 144 255

505 200 146 0

506 72 148 64

507 200 150 128

508 72 152 192

509 200 154 255

510 72 156 0

511 201 158 64

512 73 32 128

513 201 34 192

514 73 36 255

515 201 38 0

516 73 40 64

517 201 42 128

518 74 44 192

519 202 46 255

520 74 48 0

521 202 50 64

522 74 52 128

523 202 54 192

524 74 56 255

525 203 58 0

526 75 60 64

527 203 62 128

528 75 64 192

529 203 66 255

530 75 68 0

531 203 70 64

532 76 72 128

533 204 74 192

534 76 76 255

535 204 78 0

536 76 80 64

537 204 82 128

538 76 84 192

539 205 86 255

540 77 88 0

541 205 90 64

542 77 92 128

543 205 94 192

544 77 96 255

545 205 98 0

546 78 100 64

547 206 102 128

548 78 104 192

549 206 106 255

550 78 108 0

551 206 110 64

552 78 112 128

553 207 114 192

554 79 116 255

555 207 118 0

556 79 120 64

557 207 122 128

558 79 124 192

559 207 126 255

560 80 128 0

561 208 130 64

562 80 132 128

563 208 134 192

564 80 136 255

565 208 138 0

566 80 140 64

567 209 142 128

568 81 144 192

569 209 146 255

570 81 148 0

571 209 150 64

572 81 152 128

573 209 154 192

574 82 156 255

575 210 158 0

576 82 32 64

577 210 34 128

578 82 36 192

579 210 38 255

580 82 40 0

581 211 42 64

582 83 44 128

583 211 46 192

584 83 48 255

585 211 50 0

586 83 52 64

587 211 54 128

588 84 56 192

589 212 58 255

590 84 60 0

591 212 62 64

592 84 64 128

593 212 66 192

594 84 68 255

595 213 70 0

596 85 72 64

597 213 74 128

598 85 76 192

599 213 78 255

600 85 80 0

601 213 82 64

602 86 84 128

603 214 86 192

604 86 88 255

605 214 90 0

606 86 92 64

607 214 94 128

608 86 96 192

609 215 98 255

610 87 100 0

611 215 102 64

612 87 104 128

613 215 106 192

614 87 108 255

615 215 110 0

616 88 112 64

617 216 114 128

618 88 116 192

619 216 118 255

620 88 120 0

621 216 122 64

622 88 124 128

623 217 126 192

624 89 128 255

625 217 130 0

626 89 132 64

627 217 134 128

628 89 136 192

629 217 138 255

630 90 140 0

631 218 142 64

632 90 144 128

633 218 146 192

634 90 148 255

635 218 150 0

636 90 152 64

637 219 154 128

638 91 156 192

639 219 158 255

640 91 32 0

641 219 34 64

642 91 36 128

643 219 38 192

644 92 40 255

645 220 42 0

646 92 44 64

647 220 46 128

648 92 48 192

649 220 50 255

650 92 52 0

651 221 54 64

652 93 56 128

653 221 58 192

654 93 60 255

655 221 62 0

656 93 64 64

657 221 66 128

658 94 68 192

659 222 70 255

660 94 72 0

661 222 74 64

662 94 76 128

663 222 78 192

664 94 80 255

665 223 82 0

666 95 84 64

667 223 86 128

668 95 88 192

669 223 90 255

670 95 92 0

671 223 94 64

672 96 96 128

673 224 98 192

674 96 100 255

675 224 102 0

676 96 104 64

677 224 106 128

678 96 108 192

679 225 110 255

680 97 112 0

681 225 114 64

682 97 116 128

683 225 118 192

684 97 120 255

685 225 122 0

686 98 124 64

687 226 126 128

688 98 128 192

689 226 130 255

690 98 132 0

691 226 134 64

692 98 136 128

693 227 138 192

694 99 140 255

695 227 142 0

696 99 144 64

697 227 146 128

698 99 148 192

699 227 150 255

700 100 152 0

701 228 154 64

702 100 156 128

703 228 158 192

704 100 32 255

705 228 34 0

706 100 36 64

707 229 38 128

708 101 40 192

709 229 42 255

710 101 44 0

711 229 46 64

712 101 48 128

713 229 50 192

714 102 52 255

715 230 54 0

716 102 56 64

717 230 58 128

718 102 60 192

719 230 62 255

720 102 64 0

721 231 66 64

722 103 68 128

723 231 70 192

724 103 72 255

725 231 74 0

726 103 76 64

727 231 78 128

728 104 80 192

729 232 82 255

730 104 84 0

731 232 86 64

732 104 88 128

733 232 90 192

734 104 92 255

735 153 134 173

736 217 164 164

737 233 98 128

738 105 100 192

739 233 102 255

740 105 104 0

741 233 106 64

742 106 108 128

743 234 110 192

744 106 112 255

745 234 114 0

746 106 116 64

747 234 118 128

748 106 120 192

749 235 122 255

750 107 124 0

751 235 126 64

752 107 128 128

753 235 130 192

754 107 132 255

755 235 134 0

756 108 136 64

757 236 138 128

758 108 140 192

759 236 142 255

760 108 144 0

761 236 146 64

762 108 148 128

763 237 150 192

764 109 152 255

765 237 154 0

766 109 156 64

767 237 158 128

768 109 32 192

769 237 34 255

770 110 36 0

771 238 38 64

772 110 40 128

773 238 42 192

774 110 44 255

775 238 46 0

776 110 48 64

777 239 50 128

778 111 52 192

779 239 54 255

780 111 56 0

781 239 58 64

782 111 60 128

783 239 62 192

784 112 64 255

785 240 66 0

786 112 68 64

787 240 70 128

788 112 72 192

789 240 74 255

790 112 76 0

791 241 78 64

792 113 80 128

793 241 82 192

794 113 84 255

795 241 86 0

796 113 88 64

797 241 90 128

798 215 191 212

799 242 94 255

800 114 96 0

801 242 98 64

802 114 100 128

803 242 102 192

804 114 104 255

805 243 106 0

806 115 108 64

807 243 110 128

808 115 112 192

809 243 114 255

810 115 116 0

811 243 118 64

812 116 120 128

813 244 122 192

814 116 124 255

815 244 126 0

816 116 128 64

817 244 130 128

818 116 132 192

819 245 134 255

820 117 136 0

821 245 138 64

822 117 140 128

823 245 142 192

824 117 144 255

825 245 146 0

826 118 148 64

827 246 150 128

828 118 152 192

829 246 154 255

830 118 156 0

831 246 158 64

832 118 32 128

833 247 34 192

834 119 36 255

835 128 34 79

836 0 36 126

837 128 38 173

838 0 40 32

839 128 42 79

840 0 44 126

841 129 46 173

842 1 48 32

843 129 50 79

844 1 52 126

845 129 54 173

846 1 56 32

847 129 58 79

848 2 60 126

849 130 62 173

850 2 64 32

851 130 66 79

852 2 68 126

853 130 70 173

854 2 72 32

855 131 74 79

856 3 76 126

857 131 78 173

858 3 80 32

859 131 82 79

860 3 84 126

861 131 86 173

862 4 88 32

863 132 90 79

864 4 92 126

865 132 94 173

866 4 96 32

867 132 98 79

868 4 100 126

869 133 102 173

870 5 104 32

871 133 106 79

872 5 108 126

873 133 110 173

874 5 112 32

875 133 114 79

876 6 116 126

877 134 118 173

878 6 120 32

879 134 122 79

880 6 124 126

881 134 126 173

882 6 128 32

883 135 130 79

884 7 132 126

885 135 134 173

886 7 136 32

887 135 138 79

888 7 140 126

889 135 142 173

890 8 144 32

891 136 146 79

892 8 148 126

893 136 150 173

894 8 152 32

895 136 154 79

896 8 156 126

897 137 158 173

898 9 32 32

899 137 34 79

900 9 36 126

901 137 38 173

902 9 40 32

903 137 42 79

904 10 44 126

905 138 46 173

906 10 48 32

907 138 50 79

908 10 52 126

909 138 54 173

910 10 56 32

911 139 58 79

912 11 60 126

913 139 62 173

914 11 64 32

915 139 66 79

916 11 68 126

917 139 70 173

918 12 72 32

919 140 74 79

920 12 76 126

921 140 78 173

922 12 80 32

923 140 82 79

924 12 84 126

925 141 86 173

926 13 88 32

927 141 90 79

928 13 92 126

929 141 94 173

930 13 96 32

931 141 98 79

932 14 100 126

933 142 102 173

934 14 104 32

935 142 106 79

936 14 108 126

937 142 110 173

938 14 112 32

939 143 114 79

940 15 116 126

941 143 118 173

942 15 120 32

943 143 122 79

944 15 124 126

945 143 126 173

946 16 128 32

947 144 130 79

948 16 132 126

949 144 134 173

950 16 136 32

951 144 138 79

952 16 140 126

953 145 142 173

954 17 144 32

955 145 146 79

956 17 148 126

957 145 150 173

958 17 152 32

959 145 154 79

960 18 156 126

961 146 158 173

962 18 32 32

963 146 34 79

964 18 36 126

965 146 38 173

966 18 40 32

967 147 42 79

968 19 44 126

969 147 46 173

970 19 48 32

971 147 50 79

972 19 52 126

973 147 54 173

974 20 56 32

975 148 58 79

976 20 60 126

977 148 62 173

978 20 64 32

979 148 66 79

980 20 68 126

981 149 70 173

982 21 72 32

983 149 74 79

984 21 76 126

985 149 78 173

986 21 80 32

987 149 82 79

988 22 84 126

989 150 86 173

990 22 88 32

991 150 90 79

992 22 92 126

993 150 94 173

994 22 96 32

995 151 98 79

996 23 100 126

997 151 102 173

998 23 104 32

999 151 106 79

1000 23 108 126

1001 151 110 173

1002 24 112 32

1003 152 114 79

1004 24 116 126

1005 152 118 173

1006 24 120 32

1007 152 122 79

1008 24 124 126

1009 153 126 173

1010 25 128 32

1011 153 130 79

1012 25 132 126

1013 233 94 0

1014 25 136 32

1015 153 138 79

1016 26 140 126

1017 154 142 173

1018 26 144 32

1019 154 146 79

1020 26 148 126

1021 154 150 173

1022 26 152 32

1023 155 154 79

1024 27 156 126

1025 155 158 173

1026 27 32 32

1027 155 34 79

1028 27 36 126

1029 155 38 173

1030 28 40 32

1031 156 42 79

1032 28 44 126

1033 156 46 173

1034 28 48 32

1035 156 50 79

1036 28 52 126

1037 157 54 173

1038 29 56 32

1039 157 58 79

1040 29 254 126

1041 157 62 173

1042 29 64 32

1043 157 66 79

1044 30 68 126

1045 158 70 173

1046 30 243 32

1047 158 174 79

1048 30 76 126

1049 158 78 173

1050 30 80 32

1051 159 82 79

1052 31 84 126

1053 159 86 173

1054 31 88 32

1055 159 90 79

1056 31 92 126

1057 159 94 173

1058 32 96 32

1059 160 98 79

1060 32 100 126

1061 160 102 173

1062 32 104 32

1063 160 106 79

1064 32 108 126

1065 161 110 173

1066 33 112 32

1067 161 114 79

1068 33 116 126

1069 161 118 173

1070 33 120 32

1071 161 122 79

1072 34 124 126

1073 162 226 173

1074 34 228 32

1075 162 130 79

1076 34 132 126

1077 162 134 173

1078 34 136 32

1079 163 138 79

1080 35 140 126

1081 163 142 173

1082 35 144 32

1083 163 146 79

1084 35 148 126

1085 163 150 173

1086 36 152 32

1087 164 154 79

1088 36 156 126

1089 164 158 173

1090 36 232 32

1091 164 34 79

1092 36 36 126

1093 165 38 173

1094 37 240 32

1095 165 42 79

1096 37 44 126

1097 165 46 173

1098 37 248 32

1099 165 50 79

1100 38 52 126

1101 166 54 173

1102 38 247 32

1103 166 58 79

1104 38 60 126

1105 166 62 173

1106 38 164 32

1107 167 66 79

1108 39 68 126

1109 167 70 173

1110 39 72 32

1111 167 74 79

1112 39 76 126

1113 167 78 173

1114 40 80 32

1115 168 82 79

1116 40 84 126

1117 168 86 173

1118 40 88 32

1119 168 90 79

1120 40 92 126

1121 169 94 173

1122 41 96 32

1123 169 98 79

1124 41 100 126

1125 169 102 173

1126 41 104 32

1127 169 106 79

1128 42 108 126

1129 170 110 173

1130 42 112 32

1131 170 114 79

1132 42 116 126

1133 170 118 173

1134 42 120 32

1135 171 122 79

1136 43 124 126

1137 171 126 173

1138 43 128 32

1139 171 130 79

1140 43 132 126

1141 171 134 173

1142 44 136 32

1143 172 138 79

1144 44 140 126

1145 172 142 173

1146 44 144 32

1147 172 146 79

1148 44 148 126

1149 173 150 173

1150 45 152 32

1151 173 154 79

1152 45 156 126

1153 173 158 173

1154 45 32 32

1155 173 34 79

1156 46 36 126

1157 174 38 173

1158 46 40 32

1159 174 42 79

1160 46 44 126

1161 174 246 173

1162 46 48 32

1163 175 50 79

1164 47 52 126

1165 175 54 173

1166 47 236 32

1167 175 58 79

1168 206 217 77

1169 175 62 173

1170 48 64 32

1171 176 66 79

1172 48 68 126

1173 176 70 173

1174 48 172 32

1175 176 74 79

1176 48 76 126

1177 177 78 173

1178 49 80 32

1179 177 82 79

1180 49 84 126

1181 177 86 173

1182 49 88 32

1183 177 90 79

1184 50 92 126

1185 178 94 173

1186 50 96 32

1187 178 98 79

1188 50 100 126

1189 178 202 173

1190 50 104 32

1191 179 106 79

1192 51 108 126

1193 179 110 173

1194 51 212 32

1195 179 114 79

1196 51 116 126

1197 179 118 173

1198 52 120 32

1199 180 122 79

1200 52 124 126

1201 180 126 173

1202 52 128 32

1203 180 130 79

1204 52 132 126

1205 181 134 173

1206 53 136 32

1207 181 138 79

1208 53 140 126

1209 181 142 173

1210 53 144 32

1211 181 146 79

1212 54 148 126

1213 182 150 173

1214 54 152 32

1215 182 154 79

1216 54 156 126

1217 182 158 173

1218 54 32 32

1219 183 34 79

1220 55 36 126

1221 183 38 173

1222 55 40 32

1223 183 42 79

1224 55 44 126

1225 183 246 173

1226 56 48 32

1227 184 50 79

1228 56 252 126

1229 184 54 173

1230 56 56 32

1231 184 58 79

1232 56 60 126

1233 185 62 173

1234 57 164 32

1235 185 66 79

1236 57 68 126

1237 185 70 173

1238 57 172 32

1239 185 74 79

1240 58 76 126

1241 186 78 173

1242 58 180 32

1243 186 82 79

1244 58 84 126

1245 186 86 173

1246 58 188 32

1247 187 90 79

1248 59 92 126

1249 187 94 173

1250 1 200 200

1251 2 200 250

1252 3 220 250

1253 4 250 250

1254 5 200 200

1255 6 200 250

1256 7 220 250

1257 8 250 250

1258 9 200 200

1259 10 200 250

1260 11 220 250

1261 12 250 250

1262 13 200 200

1263 14 200 250

1264 15 220 250

1265 16 250 250

1266 17 200 200

1267 18 200 250

1268 19 220 250

1269 20 250 250

1270 21 200 200

1271 22 200 250

1272 23 220 250

1273 224 123 123

1274 25 200 200

1275 26 200 250

1276 27 220 250

1277 28 250 250

1278 29 200 200

1279 30 200 250

1280 31 220 250

1281 32 250 250

1282 33 200 200

1283 34 200 250

1284 35 220 250

1285 36 250 250

1286 37 200 200

1287 38 200 250

1288 39 220 250

1289 40 250 250

1290 41 200 200

1291 42 200 250

1292 43 220 250

1293 44 250 250

1294 45 200 200

1295 46 200 250

1296 47 220 250

1297 48 250 250

1298 49 200 200

1299 50 200 250

1300 51 220 250

1301 52 250 250

1302 53 200 200

1303 54 200 250

1304 55 220 250

1305 56 250 250

1306 181 48 132

1307 58 200 250

1308 59 220 250

1309 60 250 250

1310 61 200 200

1311 62 200 250

1312 63 220 250

1313 64 250 250

1314 65 200 200

1315 66 200 250

1316 67 220 250

1317 68 250 250

1318 209 246 4

1319 70 200 250

1320 71 220 250

1321 72 250 250

1322 73 200 200

1323 74 200 250

1324 75 220 250

1325 76 250 250

1326 77 200 200

1327 78 200 250

1328 79 220 250

1329 80 250 250

1330 81 200 200

1331 82 200 250

1332 83 220 250

1333 84 250 250

1334 85 200 200

1335 86 200 250

1336 87 220 250

1337 88 250 250

1338 89 200 200

1339 90 200 250

1340 91 220 250

1341 92 250 250

1342 93 200 200

1343 94 200 250

1344 95 220 250

1345 96 250 250

1346 97 200 200

1347 98 200 250

1348 99 220 250

1349 100 250 250

1350 101 200 200

1351 102 200 250

1352 103 220 250

1353 104 250 250

1354 105 200 200

1355 106 200 250

1356 107 220 250

1357 108 250 250

1358 109 200 200

1359 110 200 250

1360 111 220 250

1361 112 250 250

1362 113 200 200

1363 114 200 250

1364 115 220 250

1365 116 250 250

1366 117 200 200

1367 118 200 250

1368 119 220 250

1369 120 250 250

1370 121 200 200

1371 122 200 250

1372 123 220 250

1373 124 250 250

1374 125 200 200

1375 126 200 250

1376 127 220 250

1377 0 251 251

1378 1 201 201

1379 2 201 251

1380 3 221 251

1381 4 251 251

1382 5 201 201

1383 6 201 251

1384 7 221 251

1385 8 251 251

1386 9 201 201

1387 10 201 251

1388 11 221 251

1389 12 251 251

1390 13 201 201

1391 14 201 251

1392 15 221 251

1393 16 251 251

1394 17 201 201

1395 18 201 251

1396 19 221 251

1397 20 251 251

1398 21 201 201

1399 22 201 251

1400 23 221 251

1401 24 251 251

1402 25 201 201

1403 26 201 251

1404 27 221 251

1405 28 251 251

1406 29 201 201

1407 30 201 251

1408 31 221 251

1409 32 251 251

1410 33 201 201

1411 34 201 251

1412 35 221 251

1413 36 251 251

1414 37 201 201

1415 38 201 251

1416 39 221 251

1417 40 251 251

1418 41 201 201

1419 42 201 251

1420 43 221 251

1421 44 251 251

1422 45 201 201

1423 46 201 251

1424 47 221 251

1425 48 251 251

1426 49 201 201

1427 50 201 251

1428 51 221 251

1429 52 251 251

1430 53 201 201

1431 54 201 251

1432 55 221 251

1433 56 251 251

1434 57 201 201

1435 58 201 251

1436 59 221 251

1437 60 251 251

1438 61 201 201

1439 62 201 251

1440 63 221 251

1441 64 251 251

1442 65 201 201

1443 66 201 251

1444 67 221 251

1445 68 251 251

1446 69 201 201

1447 70 201 251

1448 71 221 251

1449 72 251 251

1450 73 201 201

1451 74 201 251

1452 75 221 251

1453 76 251 251

1454 77 201 201

1455 78 201 251

1456 79 221 251

1457 80 251 251

1458 81 201 201

1459 82 201 251

1460 83 221 251

1461 84 251 251

1462 85 201 201

1463 86 201 251

1464 87 221 251

1465 88 251 251

1466 89 201 201

1467 90 201 251

1468 91 221 251

1469 92 251 251

1470 93 201 201

1471 94 201 251

1472 95 221 251

1473 96 251 251

1474 97 201 201

1475 98 201 251

1476 99 221 251

1477 100 251 251

1478 101 201 201

1479 102 201 251

1480 103 221 251

1481 104 251 251

1482 105 201 201

1483 106 201 251

1484 107 221 251

1485 108 251 251

1486 109 201 201

1487 110 201 251

1488 111 221 251

1489 112 251 251

1490 113 201 201

1491 114 201 251

1492 115 221 251

1493 116 251 251

1494 117 201 201

1495 118 201 251

1496 119 221 251

1497 120 251 251

1498 121 201 201

1499 122 201 251

1500 123 221 251

1501 124 251 251

1502 125 201 201

1503 126 201 251

1504 127 221 251

1505 0 252 252

1506 1 202 202

1507 2 202 252

1508 3 222 252

1509 4 252 252

1510 5 202 202

1511 6 202 252

1512 7 222 252

1513 8 252 252

1514 9 202 202

1515 10 202 252

1516 11 222 252

1517 12 252 252

1518 13 202 202

1519 14 202 252

1520 15 222 252

1521 16 252 252

1522 17 202 202

1523 18 202 252

1524 19 222 252

1525 20 252 252

1526 21 202 202

1527 22 202 252

1528 23 222 252

1529 24 252 252

1530 25 202 202

1531 26 202 252

1532 27 222 252

1533 28 252 252

1534 29 202 202

1535 30 202 252

1536 31 222 252

1537 32 252 252

1538 33 202 202

1539 34 202 252

1540 35 222 252

1541 36 252 252

1542 37 202 202

1543 38 202 252

1544 39 222 252

1545 40 252 252

1546 41 202 202

1547 42 202 252

1548 43 222 252

1549 44 252 252

1550 45 202 202

1551 46 202 252

1552 47 222 252

1553 48 252 252

1554 49 202 202

1555 50 202 252

1556 51 222 252

1557 52 252 252

1558 53 202 202

1559 54 202 252

1560 55 222 252

1561 56 252 252

1562 57 202 202

1563 58 202 252

1564 59 222 252

1565 60 252 252

1566 61 202 202

1567 62 202 252

1568 63 222 252

1569 64 252 252

1570 65 202 202

1571 66 202 252

1572 67 222 252

1573 68 252 252

1574 69 202 202

1575 70 202 252

1576 71 222 252

1577 72 252 252

1578 73 202 202

1579 74 202 252

1580 75 222 252

1581 76 252 252

1582 77 202 202

1583 78 202 252

1584 79 222 252

1585 80 252 252

1586 81 202 202

1587 82 202 252

1588 83 222 252

1589 84 252 252

1590 85 202 202

1591 86 202 252

1592 87 222 252

1593 88 252 252

1594 89 202 202

1595 90 202 252

1596 91 222 252

1597 92 252 252

1598 93 202 202

1599 94 202 252

1600 95 222 252

1601 96 252 252

1602 97 202 202

1603 98 202 252

1604 99 222 252

1605 100 252 252

1606 101 202 202

1607 102 202 252

1608 103 222 252

1609 104 252 252

1610 105 202 202

1611 106 202 252

1612 107 222 252

1613 108 252 252

1614 109 202 202

1615 110 202 252

1616 111 222 252

1617 112 252 252

1618 113 202 202

1619 114 202 252

1620 115 222 252

1621 116 252 252

1622 117 202 202

1623 118 202 252

1624 119 222 252

1625 120 252 252

1626 121 202 202

1627 122 202 252

1628 123 222 252

1629 124 252 252

1630 125 202 202

1631 126 202 252

1632 127 222 252

1633 0 253 253

1634 1 203 203

1635 2 203 253

1636 3 223 253

1637 4 253 253

1638 5 203 203

1639 6 203 253

1640 7 223 253

1641 8 253 253

1642 9 203 203

1643 10 203 253

1644 11 223 253

1645 12 253 253

1646 13 203 203

1647 14 203 253

1648 15 223 253

1649 16 253 253

1650 17 203 203

1651 18 203 253

1652 19 223 253

1653 20 253 253

1654 21 203 203

1655 22 203 253

1656 23 223 253

1657 24 253 253

1658 25 203 203

1659 26 203 253

1660 27 223 253

1661 28 253 253

1662 29 203 203

1663 30 203 253

1664 31 223 253

1665 32 253 253

1666 33 203 203

1667 34 203 253

1668 35 223 253

1669 36 253 253

1670 37 203 203

1671 38 203 253

1672 39 223 253

1673 40 253 253

1674 41 203 203

1675 42 203 253

1676 43 223 253

1677 44 253 253

1678 45 203 203

1679 46 203 253

1680 47 223 253

1681 48 253 253

1682 49 203 203

1683 50 203 253

1684 51 223 253

1685 52 253 253

1686 53 203 203

1687 54 203 253

1688 55 223 253

1689 56 253 253

1690 57 203 203

1691 58 203 253

1692 59 223 253

1693 60 253 253

1694 61 203 203

1695 62 203 253

1696 63 223 253

1697 64 253 253

1698 65 203 203

1699 66 203 253

1700 67 223 253

1701 68 253 253

1702 69 203 203

1703 70 203 253

1704 71 223 253

1705 72 253 253

1706 73 203 203

1707 74 203 253

1708 75 223 253

1709 76 253 253

1710 77 203 203

1711 78 203 253

1712 79 223 253

1713 80 253 253

1714 81 203 203

1715 82 203 253

1716 83 223 253

1717 85 203 203

1718 86 203 253

1719 87 223 253

1720 88 253 253

1721 89 203 203

1722 90 203 253

1723 91 223 253

1724 92 253 253

1725 93 203 203

1726 94 203 253

1727 95 223 253

1728 96 253 253

1729 97 203 203

1730 98 203 253

1731 99 223 253

1732 100 253 253

1733 101 203 203

1734 102 203 253

1735 103 223 253

1736 104 203 203

1737 106 203 253

1738 107 223 253

1739 108 253 253

1740 109 203 203

1741 110 203 253

1742 66 68 126

1743 194 70 173

1744 66 72 32

1745 195 74 79

1746 67 76 126

1747 195 78 173

1748 67 80 32

1749 195 82 79

1750 67 84 126

1751 195 86 173

1752 68 88 32

1753 196 90 79

1754 68 92 126

1755 196 94 173

1756 68 96 32

1757 196 98 79

1758 68 100 126

1759 197 102 173

1760 69 104 32

1761 197 106 79

1762 69 108 126

1763 197 110 173

1764 69 112 32

1765 197 114 79

1766 70 116 126

1767 198 118 173

1768 70 120 32

1769 198 122 79

1770 70 124 126

1771 198 126 173

1772 70 128 32

1773 199 130 79

1774 71 132 126

1775 199 134 173

1776 71 136 32

1777 199 138 79

1778 71 140 126

1779 199 142 173

1780 72 144 32

1781 200 146 79

1782 72 148 126

1783 200 150 173

1784 72 152 32

1785 200 154 79

1786 72 156 126

1787 201 158 173

1788 73 32 32

1789 201 34 79

1790 73 36 126

1791 201 38 173

1792 201 42 79

1793 74 44 126

1794 202 46 173

1795 74 48 32

1796 202 50 79

1797 74 52 126

1798 202 54 173

1799 74 56 32

1800 203 58 79

1801 75 60 126

1802 203 62 173

1803 75 64 32

1804 203 66 79

1805 75 68 126

1806 203 70 173

1807 76 72 32

1808 204 74 79

1809 76 76 126

1810 204 78 173

1811 76 80 32

1812 204 82 79

1813 76 84 126

1814 205 86 173

1815 77 88 32

1816 205 90 79

1817 77 92 126

1818 205 94 173

1819 77 96 32

1820 205 98 79

1821 78 100 126

1822 206 102 173

1823 78 104 32

1824 206 106 79

1825 78 108 126

1826 206 110 173

1827 78 112 32

1828 207 114 79

1829 79 116 126

1830 207 118 173

1831 79 120 32

1832 207 122 79

1833 79 124 126

1834 207 126 173

1835 80 128 32

1836 208 130 79

1837 80 132 126

1838 208 134 173

1839 80 136 32

1840 208 138 79

1841 80 140 126

1842 209 142 173

1843 81 144 32

1844 209 146 79

1845 81 148 126

1846 209 150 173

1847 81 152 32

1848 209 154 79

1849 82 156 126

1850 210 158 173

1851 82 32 32

1852 210 34 79

1853 82 36 126

1854 210 38 173

1855 82 40 32

1856 211 42 79

1857 83 44 126

1858 211 46 173

1859 83 48 32

1860 211 50 79

1861 83 52 126

1862 211 54 173

1863 84 56 32

1864 212 58 79

1865 84 60 126

1866 212 62 173

1867 84 64 32

1868 212 66 79

1869 84 68 126

1870 213 70 173

1871 85 72 32

1872 86 84 126

1873 85 76 126

1874 213 78 173

1875 142 110 192

1876 213 82 79

1877 86 92 126

1878 214 86 173

1879 86 88 32

1880 214 90 79

1881 213 74 79

1882 214 94 173

1883 0 0 232

1884 1 0 236

1885 2 0 240

1886 3 0 244

1887 4 0 248

1888 5 0 232

1889 6 0 236

1890 7 0 240

1891 8 0 244

1892 9 0 248

1893 10 0 232

1894 11 0 236

1895 12 0 240

1896 13 0 244

1897 14 0 248

1898 15 0 232

1899 16 0 236

1900 17 0 240

1901 81 104 191

1902 19 0 248

1903 20 0 232

1904 21 0 236

1905 22 0 240

1906 23 0 244

1907 24 0 248

1908 25 0 232

1909 26 0 236

1910 27 0 240

1911 28 0 244

1912 29 0 248

1913 30 0 232

1914 31 0 236

1915 32 0 240

1916 33 0 244

1917 34 0 248

1918 35 0 232

1919 36 0 236

1920 37 0 240

1921 38 0 244

1922 39 0 248

1923 40 0 232

1924 62 206 252

1925 225 191 200

1926 62 230 252

1927 62 218 252

1928 62 234 252

1929 62 210 252

1930 237 154 79

1931 130 60 50

1932 49 150 248

1933 50 0 232

1934 251 0 36

1935 52 0 240

1936 55 0 0

1937 65 0 250

1938 75 0 25

1939 85 0 225

1940 95 0 50

1941 105 0 200

1942 110 0 75

1943 115 0 175

1944 120 0 100

1945 125 0 150

1946 63 0 244

1947 64 0 248

1948 65 0 232

1949 66 0 236

1950 67 0 240

1951 68 0 244

1952 69 0 248

1953 70 0 232

1954 71 0 236

1955 172 146 192

1956 73 0 244

1957 74 0 248

1958 75 0 232

1959 76 0 236

1960 77 0 240

1961 78 0 244

1962 79 0 248

1963 80 0 232

1964 81 0 236

1965 88 116 126

1966 216 118 173

1967 217 126 173

1968 89 128 32

1969 216 122 79

1970 88 120 32

1971 88 112 32

1972 216 114 79

1973 88 124 126

1974 215 110 173

1975 105 225 255

1976 93 0 244

1977 94 0 248

1978 95 0 232

1979 96 0 236

1980 136 253 253

1981 98 0 244

1982 99 0 248

1983 100 0 232

1984 101 0 236

1985 102 240 0

1986 103 0 244

1987 104 0 248

1988 105 0 232

1989 106 0 236

1990 107 0 240

1991 108 0 244

1992 109 0 248

1993 110 0 232

1994 111 0 236

1995 112 0 240

1996 113 0 244

1997 114 0 248

1998 115 0 232

1999 116 0 236

2000 60 221 221

2001 95 200 200

2002 200 135 255

2003 120 2 232

2004 125 4 236

2005 130 8 240

2006 135 16 244

2007 140 32 248

2008 145 64 232

2009 150 128 236

2010 55 1 80

2011 155 2 120

2012 105 3 160

2013 75 4 40

2014 105 6 160

2015 65 7 40

2016 155 8 120

2017 105 9 160

2018 55 10 40

2019 105 11 120

2020 155 12 160

2021 25 13 70

2022 155 5 120

2023 55 14 120

2024 255 15 160

2025 255 16 40

2026 255 17 120

2027 230 18 160

2028 255 19 90

2029 255 20 120

2030 255 21 160

2031 16 134 155

2032 16 245 155

2033 188 164 69

2034 255 120 0

2035 81 148 103

2036 156 172 45

2037 205 119 117

2038 213 157 165

2039 213 242 165

2040 84 237 87

2041 64 189 3

2042 246 92 62

2043 0 225 69

2044 181 16 160

2045 53 124 86

2046 193 131 23

2047 85 160 133

2048 198 203 170

2049 73 18 169

2050 184 70 8

2051 215 241 160

2052 122 234 32

2053 225 142 66

2054 156 201 151

2055 156 201 221

2056 156 61 221

2057 75 190 64

2058 231 98 182

2059 237 96 10

2060 255 192 227

2061 255 192 0

2062 193 76 178

2063 152 160 243

2064 202 218 255

2065 53 215 217

2066 116 145 119

2067 212 53 53

2068 72 225 192

2069 187 154 212

2070 123 181 72

2071 234 189 93

2072 96 229 237

2073 154 192 44

2074 151 175 205

2075 0 18 255

2076 0 194 255

2077 224 140 221

2078 32 140 221

2079 132 140 221

2080 219 108 9

2081 142 80 134

2082 17 138 94

2083 205 86 82

2084 193 0 241

2085 161 165 225

2086 197 225 191

2087 224 213 178

2088 66 156 186

2089 81 142 66

2090 154 52 179

2091 145 33 11

2092 170 185 212

2093 230 190 64

2094 78 155 191

2095 222 94 94

2096 210 243 194

2097 95 101 222

2098 148 136 138

2099 193 207 44

2100 195 123 121

2101 186 239 22

2102 215 191 26

2103 103 132 224

2104 104 136 64

2105 105 148 160

2106 105 162 80

2107 104 158 240

2108 100 98 144

2109 100 90 80

2110 99 86 240

2111 199 223 102

2112 115 210 143

2113 193 133 132

2114 106 172 160

2115 107 180 224

2116 108 206 240

2117 219 224 124

2118 116 102 240

2119 114 56 64

2120 114 115 55

2121 112 32 64

2122 111 244 160

2123 111 254 240

2124 115 78 240

2125 115 86 112

2126 155 139 47

2127 115 82 80

2128 123 184 128

2129 122 174 240

2130 121 152 64

2131 196 187 21

2132 119 138 144

2133 118 126 240

2134 119 120 192

2135 118 130 80

2136 124 210 144

2137 143 75 75

2138 86 118 240

2139 145 24 24

2140 238 254 148

2141 107 218 111

2142 84 80 128

2143 190 53 53

2144 82 62 176

2145 185 51 51

2146 185 197 39

2147 150 42 42

2148 41 150 61

2149 121 54 54

2150 69 102 64

2151 131 100 35

2152 144 37 37

2153 67 84 112

2154 233 216 92

2155 97 44 96

2156 146 81 81

2157 65 52 224

2158 65 46 176

2159 64 44 160

2160 65 34 80

2161 64 32 64

2162 68 78 64

2163 67 62 128

2164 67 70 192

2165 255 216 0

2166 69 205 50

2167 75 240 74

2168 79 254 112

2169 149 33 33

2170 90 182 176

2171 153 57 57

2172 81 48 64

2173 0 36 255

2174 158 62 62

2175 171 198 23

2176 88 144 64

2177 89 162 208

2178 90 172 96

2179 91 188 224

2180 79 246 240

2181 93 216 64

2182 95 236 224

2183 93 222 112

2184 215 210 43

2185 103 120 128

2186 105 156 224

2187 106 164 96

2188 100 102 176

2189 110 220 160

2190 205 158 124

2191 108 196 160

2192 217 220 84

2193 96 42 80

2194 113 106 26

2195 255 18 160

2196 255 19 40

2197 255 25 0

2198 255 126 40

2199 255 200 150

2200 243 202 12

2201 255 22 200

2202 255 223 0

2203 255 23 23

2204 255 224 200

2205 255 24 40

2206 255 225 120

2207 255 125 200

2208 255 125 215

2209 255 24 90

2210 187 165 22

2211 187 215 128

2212 60 143 34

2213 187 205 22

2214 81 81 192

2215 187 24 90

2216 187 24 155

2217 255 112 90

2218 165 72 84

2219 58 88 180

2220 81 81 255

2221 165 72 137

2222 81 81 221

2223 215 50 155

2224 190 44 0

2225 210 227 0

2226 90 187 34

2227 208 154 12

2228 40 59 211

2229 90 156 34

2230 129 171 129

2231 121 210 41

2232 190 72 59

2233 152 137 59

2234 193 215 62

2235 190 72 96

2236 131 211 134

2237 160 109 157

2238 80 73 160

2239 120 75 185

2240 120 137 132

2241 200 111 182

2242 240 69 110

2243 80 135 107

2244 160 139 157

2245 240 113 207

2246 40 115 232

2247 80 117 83

2248 120 119 108

2249 160 151 133

2250 160 77 210

2251 80 61 184

2252 200 117 235

2253 160 121 133

2254 240 125 232

2255 40 127 183

2256 40 139 159

2257 80 129 208

2258 120 131 233

2259 160 133 84

2260 200 79 235

2261 160 115 210

2262 116 98 168

2263 200 91 211

2264 200 135 109

2265 240 119 86

2266 140 199 183

2267 240 137 134

2268 40 83 11

2269 200 147 85

2270 40 121 11

2271 80 141 184

2272 160 127 186

2273 120 143 209

2274 160 145 234

2275 120 125 161

2276 80 123 136

2277 240 161 86

2278 240 149 110

2279 120 155 185

2280 160 157 210

2281 200 159 235

2282 40 151 135

2283 240 143 207

2284 160 89 186

2285 200 129 211

2286 240 131 236

2287 40 163 11

2288 40 133 82

2289 40 71 135

2290 240 81 86

2291 120 87 161

2292 140 145 232

2293 200 141 182

2294 200 153 158

2295 80 147 83

2296 209 68 153

2297 245 152 169

2298 255 230 147

2299 226 231 102

2300 198 68 153

2301 0 155 175

2302 187 186 222

2303 167 163 54

2304 157 36 128

2305 89 153 66

2306 184 183 51

2307 207 225 132

2308 0 153 75

2309 132 41 144

2310 250 19 41

2311 51 130 63

2312 242 102 96

2313 181 181 52

2314 49 11 71

2315 139 22 59

2316 4 24 61

2317 149 201 61

2318 157 215 209

2319 206 231 202

2320 62 48 146

2321 203 185 45

2322 212 227 131

2323 158 168 213

2324 239 69 139

2325 245 244 179

2326 178 31 114

2327 154 216 222

2328 0 120 91

2329 101 125 54

2330 59 82 37

2331 250 203 224

2332 188 228 233

2333 0 124 194

2334 225 224 174

2335 9 115 187

2336 238 16 102

2337 255 21 245

2338 201 24 126

2339 157 34 114

2340 91 4 48

2341 213 231 178

2342 56 16 31

2343 117 18 67

2344 210 25 111

2345 240 238 129

2346 252 183 112

2347 0 120 94

2348 108 157 64

2349 71 208 47

2350 151 50 205

2351 169 158 86

2352 103 104 152

2353 57 202 53

2354 155 167 88

2355 189 174 66

2356 39 216 132

2357 211 106 44

2358 179 181 74

2359 69 186 122

2360 68 40 113

2361 23 130 61

2362 168 175 18

2363 145 49 49

2364 193 255 128

2365 183 191 72

2366 179 165 85

2367 88 175 171

2368 135 100 164

2369 175 88 119

2370 108 130 155

2371 127 0 0

2372 0 38 255

2373 137 76 72

2374 53 204 105

2375 182 255 0

2376 225 191 0

2377 82 199 61

2378 255 0 110

2379 0 148 255

2380 190 35 195

2381 34 65 11

2382 154 12 26

2383 127 31 12

2384 17 79 170

2385 42 127 127

2386 91 112 0

2387 71 64 128

2388 32 38 255

2389 213 130 225

2390 202 66 152

2391 211 44 63

2392 135 98 114

2393 44 142 85

2394 92 175 36

2395 32 124 32

2396 255 117 154

2397 141 255 107

2398 53 168 141

2399 255 242 109

2400 255 160 58

2401 255 163 137

2402 137 255 104

2403 255 92 71

2404 97 198 71

2405 54 91 72

2406 151 78 142

2407 89 70 120

2408 211 223 69

2409 202 43 139

2410 153 230 204

2411 179 204 153

2412 122 143 170

2413 70 70 122

2414 116 74 122

2415 60 44 114

2416 66 75 120

2417 182 25 40

2418 85 58 215

2419 171 208 192

2420 247 22 12

2421 45 31 18

2422 163 72 18

2423 163 189 18

2424 151 186 110

2425 89 61 78

2426 34 74 126

2427 166 83 32

2428 153 102 93

2429 63 102 93

2430 88 198 79

2431 172 201 135

2432 162 183 79

2433 170 202 126

2434 63 134 173

2435 34 80 89

2436 34 43 58

2437 154 175 58

2438 34 74 58

2439 173 104 32

2440 173 66 32

2441 72 130 79

2442 72 28 79

2443 47 122 167

2444 164 48 70

2445 166 144 32

2446 148 47 32

2447 228 43 43

2448 144 31 145

2449 81 144 95

2450 207 131 46

2451 39 31 246

2452 165 31 196

2453 102 12 145

2454 228 231 95

2455 60 161 46

2456 186 131 246

2457 123 51 196

2458 249 249 145

2459 21 1 95

2460 147 151 46

2461 84 131 246

2462 210 11 196

2463 42 12 145

2464 168 151 95

2465 105 109 46

2466 231 15 246

2467 63 119 196

2468 189 221 145

2469 126 1 95

2470 252 31 46

2471 1 246 246

2472 252 131 46

2473 189 121 145

2474 148 133 60

2475 37 133 180

2476 1 0 145

2477 127 20 145

2478 64 119 246

2479 190 100 196

2480 22 32 145

2481 148 161 95

2482 85 91 46

2483 211 31 246

2484 43 51 196

2485 169 2 145

2486 106 12 95

2487 232 201 46

2488 4 51 246

2489 130 130 196

2490 67 201 145

2491 193 139 95

2492 25 191 46

2493 151 161 246

2494 88 38 196

2495 214 231 145

2496 46 231 95

2497 172 191 46

2498 109 41 246

2499 235 152 196

2500 7 131 145

2501 133 231 95

2502 70 161 46

2503 196 31 246

2504 28 171 196

2505 154 243 145

2506 91 2 95

2507 217 131 46

2508 49 141 246

2509 175 43 196

2510 112 164 145

2511 238 244 95

2512 10 121 46

2513 136 158 246

2514 73 112 196

2515 199 232 145

2516 31 64 95

2517 157 164 46

2518 94 48 246

2519 220 44 196

2520 52 183 145

2521 178 3 95

2522 115 141 46

2523 241 101 246

2524 13 31 196

2525 139 11 145

2526 76 1 95

2527 202 202 46

2528 34 122 246

2529 160 221 196

2530 97 12 145

2531 223 132 95

2532 55 131 46

2533 181 201 246

2534 118 131 196

2535 244 231 145

2536 16 19 95

2537 142 31 46

2538 79 131 246

2539 205 1 196

2540 37 6 145

2541 163 191 95

2542 100 3 46

2543 226 41 246

2544 58 1 196

2545 184 31 145

2546 121 161 95

2547 247 131 46

2548 19 131 246

2549 145 255 196

2550 82 31 145

2551 208 199 95

2552 40 61 46

2553 166 31 246

2554 103 21 196

2555 229 31 145

2556 61 31 95

2557 187 222 46

2558 124 131 246

2559 250 141 196

2560 2 131 145

2561 128 181 95

2562 65 133 46

2563 191 123 246

2564 23 31 196

2565 149 122 145

2566 86 141 95

2567 212 215 46

2568 44 131 246

2569 170 31 196

2570 107 31 145

2571 233 111 95

2572 5 202 46

2573 131 101 246

2574 68 1 196

2575 194 214 145

2576 26 3 95

2577 152 1 46

2578 89 121 246

2579 215 2 196

2580 47 1 145

2581 173 199 95

2582 110 1 46

2583 236 51 246

2584 8 121 196

2585 134 31 145

2586 71 194 95

2587 197 197 46

2588 29 41 246

2589 155 31 196

2590 92 45 145

2591 218 26 95

2592 50 131 46

2593 221 144 246

2594 176 181 246

2595 113 131 196

2596 239 18 145

2597 11 51 95

2598 137 28 46

2599 74 15 246

2600 200 31 196

2601 32 64 145

2602 158 114 95

2603 95 122 46

2604 53 131 196

2605 179 219 145

2606 116 3 95

2607 242 255 46

2608 14 130 246

2609 140 131 196

2610 77 132 145

2611 203 41 95

2612 35 221 46

2613 161 131 246

2614 98 31 196

2615 224 44 145

2616 56 31 95

2617 182 201 46

2618 119 154 246

2619 245 31 196

2620 17 131 145

2621 143 19 95

2622 80 31 46

2623 206 154 246

2624 38 44 196

2625 164 12 145

2626 101 31 95

2627 227 201 46

2628 59 132 246

2629 185 227 196

2630 122 232 145

2631 248 248 95

2632 20 131 46

2633 146 146 246

2634 83 119 196

2635 209 219 145

2636 41 15 95

2637 167 37 46

2638 104 124 246

2639 230 31 196

2640 104 54 246

2641 240 31 196

2642 62 45 145

2643 188 191 95

2644 125 31 46

2645 251 188 246

2646 3 31 196

2647 129 31 145

2648 66 13 95

2649 192 201 46

2650 25 31 246

2651 150 231 196

2652 87 31 145

2653 213 213 95

2654 45 131 46

2655 171 31 246

2656 108 31 196

2657 234 31 145

2658 6 15 95

2659 132 16 46

2660 69 31 246

2661 195 31 196

2662 27 141 145

2663 153 31 95

2664 90 31 46

2665 216 31 246

2666 48 31 196

2667 174 231 145

2668 111 31 95

2669 237 31 46

2670 111 61 95

2671 237 231 46

2672 192 101 46

2673 51 255 40

2674 60 214 57

2675 29 38 119

2676 150 146 184

2677 48 55 127

2678 214 113 131

2679 21 117 104

2680 55 130 71

2681 76 118 155

2682 92 59 239

2683 130 64 29

2684 79 130 125

2685 237 46 40

2686 44 214 56

2687 216 49 158

2688 130 85 130

2689 198 98 83

2690 165 116 117

2691 216 58 34

2692 216 67 201

2693 104 16 91

2694 136 210 148

2695 107 66 100

2696 181 45 81

2697 163 70 58

2698 163 207 58

2699 255 75 66

2700 197 255 53

2701 219 211 164

2702 65 219 88

2703 104 158 82

2704 132 76 108

2705 131 183 111

2706 255 61 138

2707 234 86 86

2708 255 107 28

2709 196 102 196

2710 87 204 89

2711 105 135 119

2712 175 65 144

2713 255 228 94

2714 255 89 185

2715 127 150 255

2716 137 255 124

2717 201 219 43

2718 241 207 129

2719 119 128 17

2720 82 206 171

2721 131 198 119

2722 178 198 73

2723 33 198 152

2724 221 212 104

2725 124 63 62

2726 147 120 31

2727 255 141 71

2728 93 107 37

2729 255 102 79

2730 38 104 109

2731 53 255 77

2732 45 107 40

2733 255 101 63

2734 170 83 124

2735 32 82 163

2736 253 255 158

2737 124 56 0

2738 186 139 0

2739 152 83 186

2740 249 177 179

2741 138 58 45

2742 162 64 128

2743 209 139 185

2744 122 48 97

2745 134 53 105

2746 213 38 84

2747 106 186 80

2748 80 32 128

2749 37 208 234

2750 234 227 107

2751 68 230 179

2752 3 196 128

2753 188 67 67

2754 231 35 179

2755 68 8 179

2756 166 56 206

2757 86 116 66

2758 46 186 146

2759 116 166 116

2760 126 216 46

2761 134 44 124

2762 120 55 111

2763 48 148 218

2764 26 216 116

2765 146 66 126

2766 186 46 176

2767 82 128 128

2768 198 74 105

2769 193 91 31

2770 58 147 124

2771 71 100 145

2772 145 101 5

2773 151 190 194

2774 93 188 84

2775 204 79 98

2776 89 155 254

2777 89 124 82

2778 178 66 140

2779 183 255 142

2780 219 174 92

2781 89 138 43

2782 206 152 45

2783 155 170 68

2784 142 151 215

2785 255 153 153

2786 86 100 255

2787 201 151 89

2788 201 201 89

2789 194 170 163

2790 194 89 105

2791 126 107 255

2792 211 163 46

2793 97 209 85

2794 206 145 88

2795 206 101 70

2796 183 132 255

2797 200 122 110

2798 160 160 88

2799 48 97 59

2800 167 174 136

2801 47 174 78

2802 137 75 113

2803 194 235 0

2804 114 125 229

2805 27 143 57

2806 208 224 161

2807 31 196 124

2808 212 203 165

2809 193 104 146

2810 184 224 133

2811 196 122 203

2812 39 189 75

2813 68 93 174

2814 66 225 110

2815 147 198 249

2816 232 144 132

2817 215 227 10

2818 215 34 10

2819 205 227 166

2820 210 55 24

2821 203 13 178

2822 203 230 178

2823 162 29 132

2824 26 229 50

2825 208 231 17

2826 227 10 66

2827 234 182 195

2828 155 76 12

2829 212 200 121

2830 212 54 121

2831 129 170 176

2832 53 203 7

2833 203 28 28

2834 229 187 219

2835 227 205 162

2836 121 191 224

2837 164 195 139

2838 203 49 78

2839 223 236 112

2840 192 102 234

2841 87 166 169

2842 74 6 176

2843 115 227 215

2844 207 88 96

2845 220 218 83

2846 201 29 167

2847 61 225 80

2848 112 183 0

2849 195 231 140

2850 238 42 55

2851 217 40 128

2852 102 64 154

2853 239 193 128

2854 39 54 255

2855 175 213 219

2856 80 211 231

2857 131 154 204

2858 138 169 13

2859 243 235 206

2860 179 64 89

2861 130 104 224

2862 28 77 217

2863 220 131 82

2864 16 91 52

2865 196 165 91

2866 234 27 27

2867 154 92 25

2868 201 74 24

2869 225 248 32

2870 198 12 148

2871 162 91 52

2872 94 52 213

2873 141 225 31

2874 27 159 129

2875 179 101 229

2876 58 117 171

2877 97 56 208

2878 191 40 143

2879 9 140 159

2880 164 234 53

2881 124 22 150

2882 140 215 23

2883 73 105 12

2884 239 33 57

2885 237 42 10

2886 219 26 16

2887 13 172 47

2888 60 68 219

2889 101 200 35

2890 184 44 219

2891 177 115 49

2892 108 80 213

2893 108 140 23

2894 51 88 196

2895 50 191 200

2896 234 61 69

2897 116 224 158

2898 237 44 0

2899 232 197 34

2900 213 84 63

2901 219 210 106

2902 30 80 222

2903 225 47 5

2904 198 166 54

2905 227 31 59

2906 219 44 97

2907 31 236 55

2908 231 147 101

2909 56 203 20

2910 220 138 41

2911 83 46 201

2912 232 205 202

2913 208 20 175

2914 62 16 191

2915 133 105 215

2916 200 153 63

2917 81 145 18

2918 239 221 25

2919 128 188 22

2920 241 204 106

2921 217 232 114

2922 21 102 201

2923 218 229 92

2924 94 145 166

2925 49 196 123

2926 52 123 87

2927 200 160 82

2928 229 22 80

2929 166 19 60

2930 239 225 105

2931 44 225 91

2932 44 72 166

2933 43 143 201

2934 222 176 35

2935 239 49 105

2936 72 80 35

2937 225 45 45

2938 236 171 15

2939 236 78 0

2940 167 186 36

2941 12 149 188

2942 31 124 26

2943 45 116 57

2944 219 84 58

2945 121 162 208

2946 42 72 201

2947 68 225 26

2948 196 104 191

2949 72 198 51

2950 32 218 173

2951 236 57 116

2952 236 220 116

2953 236 222 116

2954 29 59 159

2955 107 121 191

2956 224 134 54

2957 70 224 54

2958 239 33 81

2959 255 133 59

2960 61 201 123

2961 241 249 20

2962 208 213 71

2963 85 232 161

2964 75 169 217

2965 52 253 37

2966 243 1 69

2967 32 251 212

2968 88 163 215

2969 121 225 101

2970 255 239 163

2971 231 154 5

2972 249 240 1

2973 255 162 53

2974 248 19 19

2975 42 231 108

2976 205 23 23

2977 248 231 136

2978 99 204 234

2979 192 219 10

2980 241 15 15

2981 222 108 69

2982 227 135 53

2983 150 159 47

2984 206 227 169

2985 223 236 73

2986 55 246 23

2987 220 251 47

2988 232 11 11

2989 200 58 78

2990 181 150 96

2991 243 21 172

2992 91 125 222

2993 136 48 142

2994 248 245 157

2995 234 228 174

2996 229 171 33

2997 34 25 232

2998 48 193 191

2999 255 90 203

3000 231 176 70

3001 232 5 5

3002 134 198 192

3003 188 110 220

3004 189 110 220

3005 190 110 220

3006 191 110 220

3007 192 110 220

3008 193 110 220

3009 194 110 220

3010 195 110 220

3011 196 110 220

3012 197 110 220

3013 199 110 220

3014 200 110 220

3015 201 110 220

3016 202 110 220

3017 203 110 220

3018 204 110 220

3019 205 110 220

3020 206 110 220

3021 207 110 220

3022 207 110 221

3023 207 110 222

3024 207 110 223

3025 207 110 224

3026 207 110 225

3027 207 110 226

3028 207 110 227

3029 207 110 228

3030 207 110 229

3031 207 110 230

3032 207 110 231

3033 207 110 232

3034 207 110 233

3035 207 110 234

3036 207 110 235

3037 207 110 236

3038 207 110 237

3039 207 110 238

3040 207 110 239

3041 207 110 240

3042 207 110 241

3043 207 110 242

3044 207 110 243

3045 207 110 244

3046 207 110 245

3047 207 110 246

3048 207 110 247

3049 207 110 248

3050 207 110 249

3051 207 110 250

3052 208 110 1

3053 207 110 2

3054 207 110 3

3055 207 110 4

3056 207 110 5

3057 207 110 6

3058 207 110 7

3059 207 110 8

3060 207 110 9

3061 207 110 10

3062 207 110 11

3063 207 110 12

3064 207 110 13

3065 207 110 14

3066 207 110 15

3067 207 110 16

3068 207 110 17

3069 207 110 18

3070 207 110 19

3071 207 110 20

3072 207 110 21

3073 207 110 22

3074 207 110 23

3075 207 110 24

3076 207 110 25

3077 207 110 26

3078 207 110 27

3079 207 110 28

3080 207 110 29

3081 207 110 30

3082 207 110 31

3083 207 110 32

3084 207 110 33

3085 207 110 34

3086 207 110 35

3087 207 110 36

3088 207 110 37

3089 207 110 38

3090 207 110 39

3091 207 110 40

3092 207 110 41

3093 207 110 42

3094 207 110 43

3095 207 110 44

3096 207 110 45

3097 207 110 46

3098 207 110 47

3099 207 110 48

3100 207 110 49

3101 207 110 50

3102 207 110 51

3103 207 110 52

3104 207 110 53

3105 207 110 54

3106 207 110 55

3107 207 110 56

3108 207 110 57

3109 207 110 58

3110 207 110 59

3111 207 110 60

3112 207 110 61

3113 207 110 62

3114 207 110 63

3115 207 110 64

3116 207 110 65

3117 207 110 66

3118 207 110 67

3119 207 110 68

3120 207 110 69

3121 207 110 70

3122 207 110 71

3123 207 110 72

3124 207 110 73

3125 207 110 74

3126 207 110 75

3127 207 110 76

3128 207 110 77

3129 207 110 78

3130 207 110 79

3131 207 110 80

3132 207 110 81

3133 207 110 82

3134 207 110 83

3135 207 110 84

3136 207 110 85

3137 207 110 86

3138 207 110 87

3139 207 110 88

3140 207 110 89

3141 207 110 90

3142 207 110 91

3143 207 110 92

3144 207 110 93

3145 207 110 94

3146 207 110 95

3147 207 110 96

3148 207 110 97

3149 207 110 98

3150 207 110 99

3151 207 110 100

3152 207 110 101

3153 207 110 102

3154 207 110 103

3155 207 110 104

3156 207 110 105

3157 207 110 106

3158 207 110 107

3159 207 110 108

3160 207 110 109

3161 207 110 110

3162 207 110 111

3163 207 110 112

3164 207 110 113

3165 207 110 114

3166 207 110 115

3167 207 110 116

3168 207 110 117

3169 207 110 118

3170 207 110 119

3171 207 110 120

3172 207 110 121

3173 207 110 122

3174 207 110 123

3175 207 110 124

3176 207 110 125

3177 207 110 126

3178 207 110 127

3179 207 110 128

3180 207 110 129

3181 207 140 130

3182 207 140 131

3183 207 140 132

3184 207 140 133

3185 207 140 134

3186 207 140 135

3187 207 140 136

3188 207 140 137

3189 207 140 138

3190 219 32 0

3191 219 32 1

3192 219 32 2

3193 219 32 3

3194 219 32 4

3195 219 32 5

3196 219 32 6

3197 219 32 7

3198 219 32 8

3199 219 32 9

3200 219 32 10

3201 219 32 11

3202 219 32 12

3203 219 32 13

3204 219 32 14

3205 219 32 15

3206 219 32 16

3207 219 32 17

3208 219 32 18

3209 219 32 19

3210 219 32 20

3211 219 32 21

3212 219 32 22

3213 219 32 23

3214 219 32 24

3215 219 32 25

3216 219 32 26

3217 219 32 27

3218 219 32 28

3219 219 32 29

3220 219 32 30

3221 219 32 31

3222 219 32 32

3223 219 32 33

3224 219 32 34

3225 219 32 35

3226 219 32 36

3227 219 32 37

3228 219 32 38

3229 219 32 39

3230 219 32 40

3231 219 32 41

3232 219 32 42

3233 219 32 43

3234 219 32 44

3235 219 32 45

3236 219 32 46

3237 219 32 47

3238 219 32 48

3239 219 32 49

3240 219 32 50

3241 219 32 51

3242 219 32 52

3243 219 32 53

3244 219 32 54

3245 219 32 55

3246 219 32 56

3247 219 32 57

3248 219 32 58

3249 219 32 59

3250 219 32 60

3251 219 32 61

3252 219 32 62

3253 219 32 63

3254 219 32 64

3255 219 32 65

3256 219 32 66

3257 219 32 67

3258 219 32 68

3259 219 32 69

3260 219 32 70

3261 219 32 71

3262 219 32 72

3263 219 32 73

3264 219 32 74

3265 219 32 75

3266 219 32 76

3267 219 32 77

3268 219 32 78

3269 219 32 79

3270 219 32 80

3271 219 32 81

3272 219 32 82

3273 219 32 83

3274 219 32 84

3275 219 32 85

3276 219 32 86

3277 219 32 87

3278 219 32 88

3279 219 32 89

3280 219 32 90

3281 219 32 91

3282 219 32 92

3283 219 32 93

3284 219 32 94

3285 219 32 95

3286 219 32 96

3287 219 32 97

3288 219 32 98

3289 219 32 99

3290 219 32 100

3291 219 32 101

3292 219 32 102

3293 219 32 103

3294 219 32 104

3295 219 32 105

3296 219 32 106

3297 219 32 107

3298 219 32 108

3299 219 32 109

3300 219 32 110

3301 219 32 111

3302 219 32 112

3303 219 32 113

3304 219 32 114

3305 219 32 115

3306 219 32 116

3307 219 32 117

3308 219 32 118

3309 219 32 119

3310 219 32 120

3311 219 32 121

3312 219 32 122

3313 219 32 123

3314 219 32 124

3315 219 32 125

3316 219 32 126

3317 219 32 127

3318 219 32 128

3319 219 32 129

3320 219 32 130

3321 219 32 131

3322 219 32 132

3323 219 32 133

3324 219 32 134

3325 219 32 135

3326 219 32 136

3327 219 32 137

3328 219 32 138

3329 219 32 139

3330 219 32 140

3331 219 32 141

3332 219 32 142

3333 219 32 143

3334 219 32 144

3335 219 32 145

3336 219 32 146

3337 219 32 147

3338 219 32 148

3339 219 32 149

3340 219 32 150

3341 219 32 151

3342 219 32 152

3343 219 32 153

3344 219 32 154

3345 219 32 155

3346 219 32 156

3347 219 32 157

3348 219 32 158

3349 219 32 159

3350 219 32 160

3351 219 32 161

3352 219 32 162

3353 219 32 163

3354 219 32 164

3355 219 32 165

3356 219 32 166

3357 219 32 167

3358 219 32 168

3359 219 32 169

3360 219 32 170

3361 219 32 171

3362 219 32 172

3363 219 32 173

3364 219 32 174

3365 219 32 175

3366 219 32 176

3367 219 32 177

3368 219 32 178

3369 219 32 179

3370 219 32 180

3371 219 32 181

3372 219 32 182

3373 219 32 183

3374 219 32 184

3375 219 32 185

3376 219 32 186

3377 219 32 187

3378 219 32 188

3379 219 32 189

3380 219 32 190

3381 219 32 191

3382 219 32 192

3383 219 32 193

3384 219 32 194

3385 219 32 195

3386 219 32 196

3387 219 32 197

3388 219 32 198

3389 219 32 199

3390 219 32 200

3391 219 32 201

3392 219 32 202

3393 219 32 203

3394 219 32 204

3395 219 32 205

3396 219 32 206

3397 219 32 207

3398 219 32 208

3399 219 32 209

3400 219 32 210

3401 219 32 211

3402 219 32 212

3403 219 32 213

3404 219 32 214

3405 219 32 215

3406 219 32 216

3407 219 32 217

3408 219 32 218

3409 219 32 219

3410 219 32 220

3411 219 32 221

3412 219 32 222

3413 219 32 223

3414 219 32 224

3415 219 32 225

3416 219 32 226

3417 219 32 227

3418 219 32 228

3419 219 32 229

3420 219 23 120

3421 219 23 121

3422 219 23 122

3423 219 23 123

3424 219 23 124

3425 219 23 125

3426 219 23 126

3427 219 23 127

3428 219 23 128

3429 219 23 129

3430 219 23 130

3431 219 23 131

3432 219 23 132

3433 219 23 133

3434 219 23 134

3435 219 23 135

3436 219 23 136

3437 219 23 137

3438 219 23 138

3439 219 23 139

3440 219 23 140

3441 219 23 141

3442 219 23 142

3443 219 23 143

3444 219 23 144

3445 219 23 145

3446 219 23 146

3447 219 23 147

3448 219 23 148

3449 219 23 149

3450 219 23 150

3451 219 23 151

3452 219 23 152

3453 219 23 153

3454 219 23 154

3455 219 23 155

3456 219 23 156

3457 219 23 157

3458 219 23 158

3459 219 23 159

3460 219 23 160

3461 219 23 161

3462 219 23 162

3463 219 23 163

3464 219 23 164

3465 219 23 165

3466 219 23 166

3467 219 23 167

3468 219 23 168

3469 219 23 169

3470 219 23 170

3471 219 23 171

3472 219 23 172

3473 219 23 173

3474 219 23 174

3475 219 23 175

3476 219 23 176

3477 219 23 177

3478 219 23 178

3479 219 23 179

3480 219 23 180

3481 219 23 181

3482 219 23 182

3483 219 23 183

3484 219 23 184

3485 219 23 185

3486 219 23 186

3487 219 23 187

3488 219 23 188

3489 219 23 189

3490 219 23 190

3491 219 23 191

3492 219 23 192

3493 219 23 193

3494 219 23 194

3495 219 23 195

3496 219 23 196

3497 219 23 197

3498 219 23 198

3499 219 23 199

3500 219 23 200

3501 219 23 201

3502 219 23 202

3503 219 23 203

3504 219 23 204

3505 219 23 205

3506 219 23 206

3507 219 23 207

3508 219 23 208

3509 219 24 209

3510 219 24 210

3511 219 24 211

3512 219 24 212

3513 219 24 213

3514 219 24 214

3515 219 24 215

3516 219 24 216

3517 219 24 217

3518 219 24 218

3519 219 24 219

3520 219 24 220

3521 219 24 221

3522 219 24 222

3523 219 24 223

3524 219 24 224

3525 219 24 225

3526 219 24 226

3527 219 24 227

3528 219 24 228

3529 219 24 229

3530 219 24 230

3531 219 24 231

3532 219 24 232

3533 219 24 233

3534 219 24 234

3535 219 24 235

3536 219 24 236

3537 219 24 237

3538 219 24 238

3539 219 24 239

3540 219 24 240

3541 219 24 241

3542 219 24 242

3543 219 24 243

3544 219 24 244

3545 219 24 245

3546 219 24 246

3547 219 24 247

3548 219 24 248

3549 219 24 249

3550 219 24 150

3551 225 25 151

3552 225 25 152

3553 225 25 153

3554 225 25 154

3555 225 25 155

3556 225 25 156

3557 225 25 157

3558 225 25 158

3559 225 25 159

3560 225 25 160

3561 225 25 161

3562 225 25 162

3563 225 25 163

3564 225 25 164

3565 225 25 165

3566 225 25 166

3567 225 25 167

3568 225 25 168

3569 225 25 169

3570 225 25 170

3571 225 25 171

3572 225 25 172

3573 225 25 173

3574 225 25 174

3575 225 25 175

3576 225 25 176

3577 225 25 177

3578 225 25 178

3579 225 25 179

3580 225 25 180

3581 225 25 181

3582 225 25 182

3583 225 25 183

3584 225 25 184

3585 225 25 185

3586 225 25 186

3587 225 25 187

3588 225 25 188

3589 225 25 189

3590 225 25 190

3591 225 25 191

3592 225 25 192

3593 225 25 193

3594 225 25 194

3595 225 25 195

3596 225 25 196

3597 225 25 197

3598 225 25 198

3599 225 25 199

3600 225 25 200

3601 225 25 201

3602 225 25 202

3603 225 25 203

3604 225 25 204

3605 225 25 205

3606 225 25 206

3607 225 25 207

3608 225 25 208

3609 225 25 209

3620 100 10 120

3621 100 10 121

3622 100 10 122

3623 100 10 123

3624 100 10 124

3625 100 10 125

3626 100 10 126

3627 100 10 127

3628 100 10 128

3629 100 10 129

3630 100 10 130

3631 100 10 131

3632 100 10 132

3633 100 10 133

3634 100 10 134

3635 100 10 135

3636 100 10 136

3637 100 10 137

3638 100 10 138

3639 100 10 139

3640 100 10 140

3641 100 10 141

3642 100 10 142

3643 100 10 143

3644 100 10 144

3645 100 10 145

3646 100 10 146

3647 100 10 147

3648 100 10 148

3649 100 10 149

3650 100 10 150

3651 100 10 151

3652 100 10 152

3653 100 10 153

3654 100 10 154

3655 100 10 155

3656 100 10 156

3657 100 10 157

3658 100 10 158

3659 100 10 159

3660 100 10 160

3661 100 10 161

3662 100 10 162

3663 100 10 163

3664 100 10 164

3665 100 10 165

3666 100 10 166

3667 100 10 167

3668 100 10 168

3669 100 10 169

3670 100 10 170

3671 100 10 171

3672 100 10 172

3673 100 10 173

3674 100 10 174

3675 100 10 175

3676 100 10 176

3677 100 10 177

3678 100 10 178

3679 100 10 179

3680 100 10 180

3681 100 10 181

3682 100 10 182

3683 100 10 183

3684 100 10 184

3685 100 10 185

3686 100 10 186

3687 100 10 187

3688 100 10 188

3689 100 10 189

3690 100 10 190

3691 100 10 191

3692 100 10 192

3693 100 10 193

3694 100 10 194

3695 100 10 195

3696 100 10 196

3697 100 10 197

3698 100 10 198

3699 100 10 199

3700 100 11 100

3701 100 11 101

3702 100 11 102

3703 100 11 103

3704 100 11 104

3705 100 11 105

3706 100 11 106

3707 100 11 107

3708 100 11 108

3709 100 11 109

3710 100 11 110

3711 100 11 111

3712 100 11 112

3713 100 11 113

3714 100 11 114

3715 100 11 115

3716 100 11 116

3717 100 11 117

3718 100 11 118

3719 100 11 119

3720 100 11 120

3721 100 11 121

3722 100 11 122

3723 100 11 123

3724 100 11 124

3725 100 11 125

3726 100 11 126

3727 100 11 127

3728 100 11 128

3729 100 11 129

3730 100 11 130

3731 100 11 131

3732 100 11 132

3733 100 11 133

3734 100 11 134

3735 100 11 135

3736 100 11 136

3737 100 11 137

3738 100 11 138

3739 100 11 139

3740 100 11 140

3741 100 11 141

3742 100 11 142

3743 100 11 143

3744 100 11 144

3745 100 11 145

3746 100 11 146

3747 100 11 147

3748 100 11 148

3749 100 11 149

3750 100 11 150

3751 100 11 151

3752 100 11 152

3753 100 11 153

3754 100 11 154

3755 100 11 155

3756 100 11 156

3757 100 11 157

3758 100 11 158

3759 100 11 159

3760 100 11 160

3761 100 11 161

3762 100 11 162

3763 100 11 163

3764 100 11 164

3765 100 11 165

3766 100 11 166

3767 100 11 167

3768 100 11 168

3769 100 11 169

3770 100 11 170

3771 100 11 171

3772 100 11 172

3773 100 11 173

3774 100 11 174

3775 100 11 175

3776 100 11 176

3777 100 11 177

3778 100 11 178

3779 100 11 179

3780 100 11 180

3781 100 11 181

3782 100 11 182

3783 100 11 183

3784 100 11 184

3785 100 11 185

3786 100 11 186

3787 100 11 187

3788 100 11 188

3789 100 11 189

3790 100 11 190

3791 100 11 191

3792 100 11 192

3793 100 11 193

3794 100 11 194

3795 100 11 195

3796 100 11 196

3797 100 11 197

3798 100 11 198

3799 100 11 199

3800 100 12 100

3801 100 12 101

3802 100 12 102

3803 100 12 103

3804 100 12 104

3805 100 12 105

3806 100 12 106

3807 100 12 107

3808 100 12 108

3809 100 12 109

3810 100 12 110

3811 100 12 111

3812 100 12 112

3813 100 12 113

3814 100 12 114

3815 100 12 115

3816 100 12 116

3817 100 12 117

3818 100 12 118

3819 100 12 119

3820 100 12 120

3821 100 12 121

3822 100 12 122

3823 100 12 123

3824 100 12 124

3825 100 12 125

3826 100 12 126

3827 100 12 127

3828 100 12 128

3829 100 12 129

3830 100 12 130

3831 100 12 131

3832 100 12 132

3833 100 12 133

3834 100 12 134

3835 100 12 135

3836 100 12 136

3837 100 12 137

3838 100 12 138

3839 100 12 139

3840 100 12 140

3841 100 12 141

3842 100 12 142

3843 100 12 143

3844 100 12 144

3845 100 12 145

3846 100 12 146

3847 100 12 147

3848 100 12 148

3849 100 12 149

3850 100 12 150

3851 100 12 151

3852 100 12 152

3853 100 12 153

3854 100 12 154

3855 100 12 155

3856 100 12 156

3857 100 12 157

3858 100 12 158

3859 100 12 159

3860 100 12 160

3861 100 12 161

3862 100 12 162

3863 100 12 163

3864 100 12 164

3865 100 12 165

3866 100 12 166

3867 100 12 167

3868 100 12 168

3869 100 12 169

3870 100 12 170

3871 100 12 171

3872 100 12 172

3873 100 12 173

3874 100 12 174

3875 100 12 175

3876 100 12 176

3877 100 12 177

3878 100 12 178

3879 100 12 179

3880 100 12 180

3881 100 12 181

3882 100 12 182

3883 100 12 183

3884 100 12 184

3885 100 12 185

3886 100 12 186

3887 100 12 187

3888 100 12 188

3889 100 12 189

3890 100 12 190

3891 100 12 191

3892 100 12 192

3893 100 12 193

3894 100 12 194

3895 100 12 195

3896 100 12 196

3897 100 12 197

3898 100 12 198

3899 100 12 199

3900 100 13 100

3901 100 13 101

3902 100 13 102

3903 100 13 103

3904 100 13 104

3905 100 13 105

3906 100 13 106

3907 100 13 107

3908 100 13 108

3909 100 13 109

3910 100 13 110

3911 100 13 111

3912 100 13 112

3913 100 13 113

3914 100 13 114

3915 100 13 115

3916 100 13 116

3917 100 13 117

3918 100 13 118

3919 100 13 119

3920 100 13 120

3921 100 13 121

3922 100 13 122

3923 100 13 123

3924 100 13 124

3925 100 13 125

3926 100 13 126

3927 100 13 127

3928 100 13 128

3929 100 13 129

3930 100 13 130

3931 100 13 131

3932 100 13 132

3933 100 13 133

3934 100 13 134

3935 100 13 135

3936 100 13 136

3937 100 13 137

3938 100 13 138

3939 100 13 139

3940 100 13 140

3941 100 13 141

3942 100 13 142

3943 100 13 143

3944 100 13 144

3945 100 13 145

3946 100 13 146

3947 100 13 147

3948 100 13 148

3949 100 13 149

3950 100 13 150

3951 100 13 151

3952 100 13 152

3953 100 13 153

3954 100 13 154

3955 100 13 155

3956 100 13 156

3957 100 13 157

3958 100 13 158

3959 100 13 159

3960 100 13 160

3961 100 13 161

3962 100 13 162

3963 100 13 163

3964 100 13 164

3965 100 13 165

3966 100 13 166

3967 100 13 167

3968 100 13 168

3969 100 13 169

3970 100 13 170

3971 100 13 171

3972 100 13 172

3973 100 13 173

3974 100 13 174

3975 100 13 175

3976 100 13 176

3977 100 13 177

3978 100 13 178

3979 100 13 179

3980 100 13 180

3981 100 13 181

3982 100 13 182

3983 100 13 183

3984 100 13 184

3985 100 13 185

3986 100 13 186

3987 100 13 187

3988 100 13 188

3989 100 13 189

3990 100 13 190

3991 100 13 191

3992 100 13 192

3993 100 13 193

3994 100 13 194

3995 100 13 195

3996 100 13 196

3997 100 13 197

3998 100 13 198

3999 100 13 199

4000 100 14 100

4001 100 14 101

4002 100 14 102

4003 100 14 103

4004 100 14 104

4005 100 14 105

4006 100 14 106

4007 100 14 107

4008 100 14 108

4009 100 14 109

4010 100 14 110

4011 100 14 111

4012 100 14 112

4013 100 14 113

4014 100 14 114

4015 100 14 115

4016 100 14 116

4017 100 14 117

4018 100 14 118

4019 100 14 119

4020 239 204 149

4021 244 97 32

4022 217 166 43

4023 142 185 186

4024 100 201 61

4025 38 83 21

4026 169 74 32

4027 215 80 147

4028 79 160 47

4029 139 53 205

4030 185 135 224

4031 201 54 85

4032 222 145 161

4033 217 108 129

4034 155 61 79

4035 227 164 55

4036 234 204 150

4037 200 19 117

4038 49 155 99

4039 38 234 130

4040 44 52 201

4041 145 165 177

4042 220 30 106

4043 171 67 109

4044 219 159 183

4045 44 123 42

4046 106 189 104

4047 33 220 28

4048 225 80 159

4049 123 127 208

4050 210 164 53

4051 46 174 176

4052 28 134 135

4053 208 113 137

4054 57 112 35

4055 169 127 77

4056 234 32 70

4057 78 126 60

4058 30 188 53

4059 215 196 132

4060 215 17 73

4061 141 193 135

4062 57 208 42

4063 203 160 93

4064 172 118 32

4065 220 52 0

4066 187 203 173

4067 133 213 62

4068 97 177 26

4069 28 191 70

4070 219 44 196

4071 207 205 37

4072 181 113 48

4073 227 125 26

4074 239 192 146

4075 191 117 46

4076 53 152 36

4077 145 76 136

4078 219 94 40

4079 220 158 209

4080 120 115 207

4081 82 225 176

4082 217 90 204

4083 217 173 199

4084 32 114 111

4085 87 220 115

4086 219 217 53

4087 52 121 25

4088 213 60 93

4089 96 201 25

4090 219 217 76

4091 101 224 33

4092 140 15 150

4093 150 15 175

4094 160 15 200

4095 170 15 100

4096 180 15 150

4097 190 15 175

4098 200 15 200

4099 210 15 100

4100 220 15 150

4101 230 15 175

4102 240 15 200

4103 250 15 100

4104 207 15 150

4105 207 15 175

4106 207 15 200

4107 197 15 100

4108 207 15 100

4109 197 15 150

4110 231 127 43

4111 119 212 150

4112 157 124 213

4113 103 160 108

4114 145 85 134

4115 156 39 189

4116 119 162 166

4117 205 163 151

4118 180 212 180

4119 177 112 53

4120 160 91 132

4121 185 241 202

4122 43 136 207

4123 43 106 43

4124 109 195 109

4125 210 205 68

4126 229 71 55

4127 146 198 217

4128 142 201 142

4129 53 164 53

4130 222 47 96

4131 227 54 54

4132 70 229 231

4133 88 239 241

4134 103 216 217

4135 139 230 231

4136 45 225 227

4137 79 222 224

4138 40 196 198

4139 54 54 236

4140 34 34 210

4141 207 42 19

4142 198 219 57

4143 127 186 98

4144 222 69 44

4145 201 191 169

4146 225 223 19

4147 74 217 74

4148 222 151 200

4149 44 184 44

4150 145 151 212

4151 208 10 168

4152 113 153 0

4153 225 223 21

4154 225 223 23

4155 225 223 25

4156 225 223 27

4157 225 223 29

4158 117 150 26

4159 237 230 38

4160 224 220 117

4161 208 202 39

4162 231 224 22

4163 220 144 23

4164 150 213 76

4165 220 78 202

4166 54 157 76

4167 195 207 97

4168 135 142 79

4169 222 203 239

4170 111 33 184

4171 176 122 149

4172 22 236 239

4173 106 34 172

4174 200 147 147

4175 15 161 198

4176 81 63 217

4177 222 79 239

4178 16 119 24

4179 24 212 37

4180 224 105 71

4181 171 64 58

4182 222 162 158

4183 148 243 182

4184 29 167 101

4185 136 40 113

4186 164 211 156

4187 137 170 36

4188 219 191 83

4189 183 128 213

4190 74 53 198

4191 150 104 225

4192 207 150 214

4193 102 179 145

4194 94 52 48

4195 151 185 125

4196 104 143 106

4197 148 197 227

4198 56 144 141

4199 45 117 59

4200 29 161 216

4201 44 97 35

4202 186 143 58

4203 89 66 107

4204 44 45 128

4205 35 68 112

4206 38 129 72

4207 129 51 84

4208 196 198 53

4209 129 112 172

4210 101 69 107

4211 72 32 16

4212 122 61 105

4213 40 46 10

4214 26 53 83

4215 22 100 123

4216 74 143 77

4217 52 80 119

4218 69 105 171

4219 117 42 41

4220 44 113 137

4221 148 144 46

4222 50 81 144

4223 209 115 2

4224 36 150 179

4225 64 173 200

4226 29 124 148

4227 105 96 64

4228 195 44 140

4229 188 200 56

4230 158 186 44

4231 231 184 20

4232 145 81 35

4233 31 182 184

4234 45 117 167

4235 144 225 232

4236 255 0 0

4237 48 237 244

4238 37 208 93

4239 239 10 10

4240 89 225 36

4241 203 127 53

4242 35 224 48

4243 239 225 69

4244 170 114 128

4245 69 133 239

4246 152 182 201

4247 34 217 219

4248 215 30 112

4249 141 220 172

4250 153 30 210

4251 46 39 195

4252 83 167 188

4253 15 241 244

4254 222 17 17

4255 215 103 103

4256 44 142 46

4257 44 152 95

4258 9 169 133

4259 201 146 58

4260 79 181 81

4261 166 50 94

4262 31 227 36

4263 171 13 54

4264 159 200 147

4265 39 208 178

4266 191 107 198

4267 198 197 95

4268 213 56 56

4269 214 231 24

4270 209 227 59

4271 91 196 33

4272 255 14 59

4273 127 84 164

4274 31 210 90

4275 53 200 195

4276 188 102 18

4277 219 23 88

4278 69 59 200

4279 67 107 179

4280 215 128 24

4281 67 191 24

4282 210 179 54

4283 224 24 38

4284 99 150 71

4285 181 124 124

4286 187 208 10

4287 200 92 20

4288 83 203 86

4289 17 195 138

4290 79 184 27

4291 168 219 32

4292 53 76 176

4293 212 79 154

4294 150 146 41

4295 48 167 51

4296 116 62 183

4297 99 32 200

4298 231 78 10

4299 70 198 70

4300 225 205 36

4301 232 184 55

4302 13 94 109

4303 213 197 16

4304 184 111 111

4305 210 42 42

4306 117 109 201

4307 134 177 141

4308 69 25 75

4309 118 176 123

4310 135 155 105

4311 67 121 108

4312 105 195 57

4313 94 189 108

4314 159 73 73

4315 124 60 86

4316 51 172 108

4317 99 77 195

4318 63 128 27

4319 163 183 82

4320 195 83 191

4321 121 21 154

4322 184 65 29

4323 224 40 15

4324 149 186 149

4325 222 47 29

4326 134 196 131

4327 244 221 131

4328 143 34 255

4329 96 128 136

4330 54 193 106

4331 212 14 89

4332 112 120 148

4333 104 180 181

4334 224 12 72

4335 236 112 20

4336 215 155 85

4337 73 158 166

4338 201 70 30

4339 208 71 200

4340 88 224 142

4341 191 220 33

4342 208 198 117

4343 208 26 73

4344 178 231 94

4345 155 155 198

4346 149 226 227

4347 144 206 207

4348 198 47 101

4349 105 219 142

4350 154 86 212

4351 104 196 152

4352 219 168 88

4353 89 35 145

4354 135 77 125

4355 248 245 172

4356 201 167 29

4357 125 226 241

4358 112 219 220

4359 185 227 40

4360 235 159 33

4361 203 124 124

4362 220 22 22

4363 212 118 56

4364 236 203 22

4365 177 171 135

4366 196 128 0

4367 219 150 147

4368 231 51 43

4369 221 244 212

4370 115 143 176

4371 146 207 152

4372 207 182 116

4373 161 114 192

4374 155 153 90

4375 229 133 39

4376 160 66 61

4377 91 132 207

4378 207 145 145

4379 181 38 38

4380 186 74 52

4381 24 57 119

4382 213 194 38

4383 220 189 139

4384 234 156 30

4385 206 210 106

4386 153 88 207

4387 227 104 55

4388 90 50 219

4389 212 131 52

4390 154 146 0

4391 208 37 117

4392 227 148 148

4393 181 227 89

4394 223 76 249

4395 7 183 221

4396 38 227 36

4397 87 141 35

4398 145 54 67

4399 209 206 232

4400 4 138 139

4401 99 2 220

4402 8 19 70

4403 174 133 74

4404 186 179 78

4405 135 83 198

4406 131 123 246

4407 231 58 53

4408 227 170 169

4409 154 153 27

4410 166 186 106

4411 212 178 42

4412 133 65 23

4413 198 87 134

4414 52 160 146

4415 178 189 107

4416 157 72 136

4417 141 167 109

4418 117 239 166

4419 38 123 72

4420 186 136 135

4421 139 213 167

4422 164 123 44

4423 160 139 213

4424 200 161 210

4425 41 164 76

4426 125 191 66

4427 203 173 64

4428 169 212 66

4429 136 124 77

4430 152 147 85

4431 179 186 121

4432 98 169 103

4433 163 195 165

4434 186 154 125

4435 88 201 147

4436 136 232 0

4437 54 129 205

4438 205 54 168

4439 145 107 154

4440 130 111 51

4441 194 210 199

4442 85 174 169

4443 149 183 181

4444 34 42 215

4445 219 203 71

4446 169 171 101

4447 71 148 48

4448 33 48 2

4449 26 159 60

4450 178 193 146

4451 177 236 52

4452 201 133 87

4453 219 144 64

4454 181 86 133

4455 185 186 60

4456 159 60 34

4457 145 120 59

4458 83 131 220

4459 175 215 67

4460 184 119 42

4461 110 157 103

4462 117 210 107

4463 217 58 31

4464 75 196 192

4465 27 212 53

4466 169 43 205

4467 123 99 213

4468 139 196 111

4469 160 208 76

4470 154 48 40

4471 167 163 46

4472 179 62 43

4473 113 133 32

4474 24 58 154

4475 143 28 164

4476 203 30 140

4477 128 58 103

4478 61 102 20

4479 174 31 98

4480 205 97 50

4481 136 104 42

4482 140 34 49

4483 155 64 94

4484 118 110 21

4485 193 52 118

4486 171 177 19

4487 148 81 21

4488 123 80 42

4489 171 132 97

4490 174 36 95

4491 156 116 221

4492 13 33 111

4493 230 154 212

4494 71 99 200

4495 33 52 116

4496 30 17 88

4497 54 145 99

4498 255 102 0

4499 82 102 0

4500 74 162 0

4501 57 188 152

4502 33 53 48

4503 26 88 92

4504 177 200 201

4505 36 125 131

4506 184 27 108

4507 100 83 123

4508 66 30 116

4509 124 37 78

4510 193 162 69

4511 102 77 89

4512 49 208 224

4513 50 71 157

4514 219 157 116

4515 86 55 145

4516 167 66 99

4517 52 169 90

4518 61 145 123

4519 68 108 100

4520 118 126 72

4521 63 93 131

4522 108 61 52

4523 192 6 69

4524 77 251 233

4525 152 90 7

4526 176 178 68

4527 84 110 247

4528 113 193 204

4529 148 138 245

4530 135 97 96

4531 56 160 69

4532 200 147 231

4533 100 226 85

4534 171 8 15

4535 181 39 199

4536 125 175 248

4537 2 159 164

4538 70 186 107

4539 79 252 132

4540 174 173 70

4541 166 72 55

4542 216 183 153

4543 3 190 120

4544 235 46 209

4545 145 7 164

4546 121 225 48

4547 155 170 197

4548 242 90 38

4549 7 115 1

4550 217 244 86

4551 73 146 227

4552 130 85 172

4553 43 46 167

4554 146 111 28

4555 183 26 10

4556 184 42 69

4557 240 89 1

4558 155 55 22

4559 0 63 140

4560 118 241 78

4561 1 230 30

4562 182 33 133

4563 7 121 35

4564 6 134 126

4565 227 16 124

4566 105 24 165

4567 81 109 203

4568 173 82 127

4569 198 135 133

4570 0 14 150

4571 40 69 175

4572 80 137 200

4573 120 176 225

4574 160 14 250

4575 200 69 150

4576 240 137 175

4577 202 14 175

4578 1 176 200

4579 41 14 225

4580 81 69 250

4581 121 137 150

4582 161 176 175

4583 201 14 200

4584 241 69 225

4585 2 137 250

4586 42 176 150

4587 82 14 175

4588 122 69 200

4589 162 137 225

4590 202 176 250

4591 242 14 150

4592 3 69 175

4593 43 137 200

4594 83 176 225

4595 123 14 250

4596 163 69 150

4597 203 137 175

4598 243 176 200

4599 4 14 225

4600 44 69 250

4601 84 137 150

4602 124 176 175

4603 164 14 200

4604 204 69 225

4605 244 137 250

4606 242 69 200

4607 5 176 150

4608 55 14 175

4609 85 69 200

4610 125 137 225

4611 165 176 250

4612 205 14 150

4613 245 69 175

4614 6 137 200

4615 66 176 225

4616 86 14 250

4617 126 69 150

4618 166 137 175

4619 206 176 200

4620 246 14 225

4621 7 69 250

4622 67 137 150

4623 87 176 175

4624 127 14 200

4625 167 69 225

4626 247 176 150

4627 8 14 175

4628 68 69 200

4629 88 137 225

4630 128 176 250

4631 168 14 150

4632 208 69 175

4633 248 137 200

4634 9 176 225

4635 69 14 250

4636 89 69 150

4637 129 137 175

4638 169 176 200

4639 209 14 225

4640 249 69 250

4641 1 137 150

4642 61 176 175

4643 81 14 200

4644 121 69 225

4645 161 137 250

4646 201 176 150

4647 241 14 175

4648 2 69 200

4649 62 137 250

4650 82 176 150

4651 214 134 156

4652 140 69 200

4653 117 192 171

4654 60 240 76

4655 194 93 131

4656 95 228 201

4657 220 32 204

4658 245 120 6

4659 237 134 253

4660 130 176 43

4661 246 142 22

4662 213 239 212

4663 163 187 193

4664 79 144 220

4665 18 225 17

4666 147 155 192

4667 209 189 232

4668 206 72 139

4669 137 60 168

4670 1 153 63

4671 55 94 80

4672 43 141 219

4673 221 36 225

4674 77 35 96

4675 122 140 89

4676 27 169 8

4677 248 107 18

4678 147 150 150

4679 236 42 149

4680 3 38 13

4681 215 140 255

4682 106 90 108

4683 186 144 83

4684 255 216 1

4685 196 69 0

4686 255 90 0

4687 255 186 0

4688 255 223 172

4689 255 150 0

4690 231 61 8

4691 255 227 0

4692 255 213 0

4693 254 103 217

